Wavelength,L7B1Blue,L7B2Green,L7B3Red,L7B4NIR,L7B5NIR,L7B8Pan
435,0.016,0,0,0,0,0
436,0.027,0,0,0,0,0
437,0.048,0,0,0,0,0
438,0.094,0,0,0,0,0
439,0.167,0,0,0,0,0
440,0.287,0,0,0,0,0
441,0.459,0,0,0,0,0
442,0.605,0,0,0,0,0
443,0.728,0,0,0,0,0
444,0.769,0,0,0,0,0
445,0.792,0,0,0,0,0
446,0.821,0,0,0,0,0
447,0.857,0,0,0,0,0
448,0.857,0,0,0,0,0
449,0.862,0,0,0,0,0
450,0.839,0,0,0,0,0
451,0.845,0,0,0,0,0
452,0.81,0,0,0,0,0
453,0.802,0,0,0,0,0
454,0.804,0,0,0,0,0
455,0.779,0,0,0,0,0
456,0.798,0,0,0,0,0
457,0.816,0,0,0,0,0
458,0.876,0,0,0,0,0
459,0.888,0,0,0,0,0
460,0.901,0,0,0,0,0
461,0.918,0,0,0,0,0
462,0.896,0,0,0,0,0
463,0.903,0,0,0,0,0
464,0.888,0,0,0,0,0
465,0.89,0,0,0,0,0
466,0.863,0,0,0,0,0
467,0.86,0,0,0,0,0
468,0.842,0,0,0,0,0
469,0.866,0,0,0,0,0
470,0.875,0,0,0,0,0
471,0.881,0,0,0,0,0
472,0.888,0,0,0,0,0
473,0.898,0,0,0,0,0
474,0.879,0,0,0,0,0
475,0.884,0,0,0,0,0
476,0.907,0,0,0,0,0
477,0.928,0,0,0,0,0
478,0.932,0,0,0,0,0
479,0.955,0,0,0,0,0
480,0.958,0,0,0,0,0
481,0.948,0,0,0,0,0
482,0.952,0,0,0,0,0
483,0.956,0,0,0,0,0
484,0.98,0,0,0,0,0
485,0.98,0,0,0,0,0
486,0.975,0,0,0,0,0
487,0.973,0,0,0,0,0
488,0.977,0,0,0,0,0.000216
489,0.958,0,0,0,0,0.000514
490,0.965,0,0,0,0,0.001013
491,0.957,0,0,0,0,0.001587
492,0.952,0,0,0,0,0.002619
493,0.973,0,0,0,0,0.003841
494,0.974,0,0,0,0,0.006195
495,0.995,0,0,0,0,0.009003
496,0.986,0,0,0,0,0.015515
497,0.986,0,0,0,0,0.02327
498,0.994,0,0,0,0,0.042723
499,1,0,0,0,0,0.066556
500,0.99,0.0006,0,0,0,0.124269
501,0.99,0.0009,0,0,0,0.196006
502,0.976,0.001,0,0,0,0.323232
503,0.983,0.002,0,0,0,0.472496
504,0.976,0.002,0,0,0,0.598302
505,0.983,0.003,0,0,0,0.714816
506,0.96,0.005,0,0,0,0.776009
507,0.973,0.009,0,0,0,0.816555
508,0.964,0.0145,0,0,0,0.831881
509,0.975,0.0236,0,0,0,0.837994
510,0.96,0.026,0,0,0,0.848975
511,0.932,0.041,0,0,0,0.861668
512,0.853,0.06,0,0,0,0.862705
513,0.684,0.088,0,0,0,0.85964
514,0.486,0.126,0,0,0,0.858532
515,0.293,0.174,0,0,0,0.858244
516,0.15,0.236,0,0,0,0.857148
517,0.073,0.308,0,0,0,0.855759
518,0.036,0.388,0,0,0,0.858455
519,0.019,0.472,0,0,0,0.862834
520,0.009,0.552,0,0,0,0.860609
521,0,0.621,0,0,0,0.855993
522,0,0.676,0,0,0,0.852785
523,0,0.716,0,0,0,0.850183
524,0,0.743,0,0,0,0.852788
525,0,0.759,0,0,0,0.857317
526,0,0.769,0,0,0,0.85913
527,0,0.779,0,0,0,0.859876
528,0,0.79,0,0,0,0.861508
529,0,0.805,0,0,0,0.863494
530,0,0.822,0,0,0,0.860265
531,0,0.842,0,0,0,0.855102
532,0,0.861,0,0,0,0.864423
533,0,0.878,0,0,0,0.879249
534,0,0.893,0,0,0,0.885593
535,0,0.905,0,0,0,0.888663
536,0,0.916,0,0,0,0.894758
537,0,0.924,0,0,0,0.902017
538,0,0.933,0,0,0,0.906294
539,0,0.942,0,0,0,0.90929
540,0,0.947,0,0,0,0.911734
541,0,0.951,0,0,0,0.914
542,0,0.953,0,0,0,0.909776
543,0,0.952,0,0,0,0.902939
544,0,0.951,0,0,0,0.908919
545,0,0.952,0,0,0,0.919859
546,0,0.951,0,0,0,0.92162
547,0,0.951,0,0,0,0.919456
548,0,0.952,0,0,0,0.91302
549,0,0.952,0,0,0,0.905134
550,0,0.953,0,0,0,0.892702
551,0,0.951,0,0,0,0.878599
552,0,0.95,0,0,0,0.876838
553,0,0.95,0,0,0,0.879443
554,0,0.951,0,0,0,0.878303
555,0,0.954,0,0,0,0.875692
556,0,0.96,0,0,0,0.872666
557,0,0.966,0,0,0,0.869478
558,0,0.968,0,0,0,0.875361
559,0,0.965,0,0,0,0.884759
560,0,0.959,0,0,0,0.889903
561,0,0.951,0,0,0,0.893427
562,0,0.944,0,0,0,0.885948
563,0,0.937,0,0,0,0.874097
564,0,0.932,0,0,0,0.875674
565,0,0.933,0,0,0,0.882402
566,0,0.935,0,0,0,0.891375
567,0,0.937,0,0,0,0.901194
568,0,0.94,0,0,0,0.903528
569,0,0.945,0,0,0,0.902826
570,0,0.951,0,0,0,0.907551
571,0,0.955,0,0,0,0.91435
572,0,0.957,0,0,0,0.914932
573,0,0.956,0,0,0,0.91319
574,0,0.957,0,0,0,0.915508
575,0,0.955,0,0,0,0.919554
576,0,0.952,0,0,0,0.920802
577,0,0.954,0,0,0,0.92104
578,0,0.958,0,0,0,0.924431
579,0,0.963,0,0,0,0.929105
580,0,0.973,0,0,0,0.930068
581,0,0.981,0,0,0,0.929551
582,0,0.988,0,0,0,0.937549
583,0,0.995,0,0,0,0.948863
584,0,1,0,0,0,0.947084
585,0,1,0,0,0,0.940273
586,0,0.994,0,0,0,0.940813
587,0,0.983,0,0,0,0.944136
588,0,0.969,0,0,0,0.945674
589,0,0.954,0,0,0,0.946566
590,0,0.942,0,0,0,0.942462
591,0,0.936,0,0,0,0.936298
592,0,0.932,0,0,0,0.939621
593,0,0.928,0,0,0,0.946659
594,0,0.924,0,0,0,0.942374
595,0,0.912,0,0,0,0.933839
596,0,0.883,0,0,0,0.93425
597,0,0.834,0,0,0,0.93784
598,0,0.763,0,0,0,0.940838
599,0,0.674,0,0,0,0.943626
600,0,0.574,0,0,0,0.952415
601,0,0.473,0,0,0,0.963664
602,0,0.38,0,0,0,0.967381
603,0,0.3,0,0,0,0.968241
604,0,0.235,0,0,0,0.968233
605,0,0.185,0,0,0,0.967878
606,0,0.146,0,0,0,0.965083
607,0,0.117,0,0,0,0.961367
608,0,0.094,0,0,0,0.957232
609,0,0.077,0,0,0,0.952939
610,0,0.062,0,0,0,0.949345
611,0,0.052,0,0,0,0.946006
612,0,0.042,0,0,0,0.948081
613,0,0.033,0,0,0,0.952465
614,0,0.026,0.0005,0,0,0.954526
615,0,0.021,0.0001,0,0,0.955814
616,0,0.0158,0,0,0,0.959149
617,0,0.01235,0.0005,0,0,0.963216
618,0,0.0094,0.0006,0,0,0.964158
619,0,0.00717,0.0014,0,0,0.963953
620,0,0.0048,0.002,0,0,0.965943
621,0,0.0037,0.003,0,0,0.968789
622,0,0.0026,0.006,0,0,0.972688
623,0,0.0017,0.013,0,0,0.977026
624,0,0.0014,0.025,0,0,0.978028
625,0,0,0.047,0,0,0.977901
626,0,0,0.083,0.00027,0,0.974158
627,0,0,0.137,0.000895,0,0.969078
628,0,0,0.211,0.00185,0,0.969583
629,0,0,0.306,0.003648,0,0.972297
630,0,0,0.419,0.007197,0,0.972906
631,0,0,0.545,0.014515,0,0.972708
632,0,0,0.674,0.030432,0,0.969732
633,0,0,0.788,0.066861,0,0.96578
634,0,0,0.873,0.148518,0,0.965561
635,0,0,0.921,0.299778,0,0.966835
636,0,0,0.941,0.526812,0,0.966641
637,0,0,0.943,0.764443,0,0.965899
638,0,0,0.942,0.905473,0,0.972067
639,0,0,0.939,0.947949,0,0.981077
640,0,0,0.937,0.950823,0,0.980971
641,0,0,0.935,0.947418,0,0.977722
642,0,0,0.935,0.951831,0,0.974405
643,0,0,0.938,0.962705,0,0.971123
644,0,0,0.943,0.975075,0,0.963139
645,0,0,0.949,0.984173,0,0.95326
646,0,0,0.953,0.983613,0,0.953494
647,0,0,0.961,0.983434,0,0.957536
648,0,0,0.968,0.982911,0,0.963851
649,0,0,0.971,0.973636,0,0.970928
650,0,0,0.973,0.959441,0,0.969453
651,0,0,0.974,0.955641,0,0.96475
652,0,0,0.972,0.955548,0,0.966541
653,0,0,0.969,0.953337,0,0.970613
654,0,0,0.963,0.956628,0,0.973941
655,0,0,0.958,0.981688,0,0.977055
656,0,0,0.956,1,0,0.982894
657,0,0,0.955,0.992388,0,0.98977
658,0,0,0.955,0.984615,0,0.988302
659,0,0,0.956,0.981568,0,0.983542
660,0,0,0.962,0.97696,0,0.987968
661,0,0,0.969,0.97298,0,0.995538
662,0,0,0.977,0.98108,0,0.998579
663,0,0,0.983,0.996804,0,1
664,0,0,0.988,0.992142,0,0.99981
665,0,0,0.993,0.980678,0,0.999061
666,0,0,0.996,0.964002,0,0.997891
667,0,0,0.997,0.962154,0,0.99658
668,0,0,0.999,0.970778,0,0.992555
669,0,0,1,0.96718,0,0.987369
670,0,0,1,0.966928,0,0.985862
671,0,0,0.998,0.949928,0,0.985761
672,0,0,0.996,0.848855,0,0.955679
673,0,0,0.995,0.609359,0,0.913945
674,0,0,0.993,0.31635,0,0.78014
675,0,0,0.992,0.123946,0,0.610197
676,0,0,0.991,0.046033,0,0.438556
677,0,0,0.989,0.017702,0,0.266714
678,0,0,0.988,0.007333,0,0.167313
679,0,0,0.984,0.003205,0,0.094013
680,0,0,0.977,0.001402,0,0.057564
681,0,0,0.97,0.000554,0,0.034787
682,0,0,0.96,0.000117,0,0.022882
683,0,0,0.949,0,0,0.015178
684,0,0,0.94,0,0,0.010755
685,0,0,0.932,0,0,0.007663
686,0,0,0.919,0,0,0.005756
687,0,0,0.898,0,0,0.004292
688,0,0,0.863,0,0,0.00322
689,0,0,0.809,0,0,0.002283
690,0,0,0.729,0,0,0.001545
691,0,0,0.625,0,0,0.000879
692,0,0,0.506,0,0,0.000214
693,0,0,0.382,0,0,0
694,0,0,0.272,0,0,0
695,0,0,0.183,0,0,0
696,0,0,0.12,0,0,0
697,0,0,0.079,0,0,0
698,0,0,0.053,0,0,0
699,0,0,0.036,0,0,0
700,0,0,0.025,0,0,0
701,0,0,0.0196,0,0,0
702,0,0,0.0142,0,0,0
703,0,0,0.0101,0,0,0
704,0,0,0.0075,0,0,0
705,0,0,0,0,0,0
706,0,0,0,0,0,0
707,0,0,0,0,0,0
708,0,0,0,0,0,0
709,0,0,0,0,0,0
710,0,0,0,0,0,0
711,0,0,0,0,0,0
712,0,0,0,0,0,0
713,0,0,0,0,0,0
714,0,0,0,0,0,0
715,0,0,0,0,0,0
716,0,0,0,0,0,0
717,0,0,0,0,0,0
718,0,0,0,0,0,0
719,0,0,0,0,0,0
720,0,0,0,0,0,0
721,0,0,0,0,0,0
722,0,0,0,0,0,0
723,0,0,0,0,0,0
724,0,0,0,0,0,0
725,0,0,0,0,0,0
726,0,0,0,0,0,0
727,0,0,0,0,0,0
728,0,0,0,0,0,0
729,0,0,0,0,0,0
730,0,0,0,0,0,0
731,0,0,0,0,0,0
732,0,0,0,0,0,0
733,0,0,0,0,0,0
734,0,0,0,0,0,0
735,0,0,0,0,0,0
736,0,0,0,0,0,0
737,0,0,0,0,0,0
738,0,0,0,0,0,0
739,0,0,0,0,0,0
740,0,0,0,0,0,0
741,0,0,0,0,0,0
742,0,0,0,0,0,0
743,0,0,0,0,0,0
744,0,0,0,0,0,0
745,0,0,0,0,0,0
746,0,0,0,0,0,0
747,0,0,0,0,0,0
748,0,0,0,0,0,0
749,0,0,0,0,0,0
750,0,0,0,0,0.001,0
751,0,0,0,0,0.0144,0
752,0,0,0,0,0.0182,0
753,0,0,0,0,0.0216,0
754,0,0,0,0,0.0269,0
755,0,0,0,0,0.0315,0
756,0,0,0,0,0.0377,0
757,0,0,0,0,0.0474,0
758,0,0,0,0,0.0562,0
759,0,0,0,0,0.0688,0
760,0,0,0,0,0.069,0
761,0,0,0,0,0.083,0
762,0,0,0,0,0.099,0
763,0,0,0,0,0.121,0
764,0,0,0,0,0.146,0
765,0,0,0,0,0.175,0
766,0,0,0,0,0.209,0
767,0,0,0,0,0.248,0
768,0,0,0,0,0.294,0
769,0,0,0,0,0.346,0
770,0,0,0,0,0.402,0
771,0,0,0,0,0.463,0
772,0,0,0,0,0.523,0
773,0,0,0,0,0.588,0
774,0,0,0,0,0.649,0
775,0,0,0,0,0.705,0
776,0,0,0,0,0.757,0
777,0,0,0,0,0.797,0
778,0,0,0,0,0.827,0
779,0,0,0,0,0.853,0
780,0,0,0,0,0.871,0
781,0,0,0,0,0.884,0
782,0,0,0,0,0.892,0
783,0,0,0,0,0.899,0
784,0,0,0,0,0.903,0
785,0,0,0,0,0.908,0
786,0,0,0,0,0.911,0
787,0,0,0,0,0.916,0
788,0,0,0,0,0.92,0
789,0,0,0,0,0.925,0
790,0,0,0,0,0.926,0
791,0,0,0,0,0.927,0
792,0,0,0,0,0.927,0
793,0,0,0,0,0.929,0
794,0,0,0,0,0.932,0
795,0,0,0,0,0.93,0
796,0,0,0,0,0.926,0
797,0,0,0,0,0.926,0
798,0,0,0,0,0.925,0
799,0,0,0,0,0.928,0
800,0,0,0,0,0.925,0
801,0,0,0,0,0.926,0
802,0,0,0,0,0.928,0
803,0,0,0,0,0.928,0
804,0,0,0,0,0.928,0
805,0,0,0,0,0.923,0
806,0,0,0,0,0.92,0
807,0,0,0,0,0.919,0
808,0,0,0,0,0.914,0
809,0,0,0,0,0.91,0
810,0,0,0,0,0.908,0
811,0,0,0,0,0.905,0
812,0,0,0,0,0.903,0
813,0,0,0,0,0.904,0
814,0,0,0,0,0.902,0
815,0,0,0,0,0.909,0
816,0,0,0,0,0.917,0
817,0,0,0,0,0.92,0
818,0,0,0,0,0.928,0
819,0,0,0,0,0.938,0
820,0,0,0,0,0.946,0
821,0,0,0,0,0.953,0
822,0,0,0,0,0.962,0
823,0,0,0,0,0.969,0
824,0,0,0,0,0.971,0
825,0,0,0,0,0.971,0
826,0,0,0,0,0.97,0
827,0,0,0,0,0.969,0
828,0,0,0,0,0.969,0
829,0,0,0,0,0.97,0
830,0,0,0,0,0.967,0
831,0,0,0,0,0.969,0
832,0,0,0,0,0.968,0
833,0,0,0,0,0.963,0
834,0,0,0,0,0.965,0
835,0,0,0,0,0.967,0
836,0,0,0,0,0.965,0
837,0,0,0,0,0.963,0
838,0,0,0,0,0.958,0
839,0,0,0,0,0.95,0
840,0,0,0,0,0.949,0
841,0,0,0,0,0.943,0
842,0,0,0,0,0.933,0
843,0,0,0,0,0.929,0
844,0,0,0,0,0.928,0
845,0,0,0,0,0.925,0
846,0,0,0,0,0.924,0
847,0,0,0,0,0.927,0
848,0,0,0,0,0.932,0
849,0,0,0,0,0.934,0
850,0,0,0,0,0.943,0
851,0,0,0,0,0.952,0
852,0,0,0,0,0.956,0
853,0,0,0,0,0.966,0
854,0,0,0,0,0.977,0
855,0,0,0,0,0.985,0
856,0,0,0,0,0.99,0
857,0,0,0,0,0.992,0
858,0,0,0,0,0.993,0
859,0,0,0,0,0.994,0
860,0,0,0,0,0.998,0
861,0,0,0,0,0.996,0
862,0,0,0,0,0.992,0
863,0,0,0,0,0.991,0
864,0,0,0,0,0.992,0
865,0,0,0,0,0.994,0
866,0,0,0,0,0.993,0
867,0,0,0,0,0.997,0
868,0,0,0,0,0.997,0
869,0,0,0,0,0.996,0
870,0,0,0,0,0.998,0
871,0,0,0,0,0.999,0
872,0,0,0,0,1,0
873,0,0,0,0,0.999,0
874,0,0,0,0,0.996,0
875,0,0,0,0,0.991,0
876,0,0,0,0,0.99,0
877,0,0,0,0,0.991,0
878,0,0,0,0,0.985,0
879,0,0,0,0,0.978,0
880,0,0,0,0,0.969,0
881,0,0,0,0,0.955,0
882,0,0,0,0,0.937,0
883,0,0,0,0,0.916,0
884,0,0,0,0,0.892,0
885,0,0,0,0,0.868,0
886,0,0,0,0,0.845,0
887,0,0,0,0,0.824,0
888,0,0,0,0,0.811,0
889,0,0,0,0,0.807,0
890,0,0,0,0,0.819,0
891,0,0,0,0,0.841,0
892,0,0,0,0,0.868,0
893,0,0,0,0,0.892,0
894,0,0,0,0,0.892,0
895,0,0,0,0,0.854,0
896,0,0,0,0,0.77,0
897,0,0,0,0,0.644,0
898,0,0,0,0,0.501,0
899,0,0,0,0,0.365,0
900,0,0,0,0,0.256,0
901,0,0,0,0,0.177,0
902,0,0,0,0,0.122,0
903,0,0,0,0,0.085,0
904,0,0,0,0,0.061,0
905,0,0,0,0,0.044,0
906,0,0,0,0,0.032,0
907,0,0,0,0,0.025,0
908,0,0,0,0,0.019,0
909,0,0,0,0,0.014,0
910,0,0,0,0,0.011,0
911,0,0,0,0,0.0107,0
912,0,0,0,0,0.008,0
913,0,0,0,0,0.0061,0
914,0,0,0,0,0.0052,0
915,0,0,0,0,0,0
