Wavelength,B1Blue,B2Green,B3Red,B4NIR
430,0.009967546,1.4526e-05,0.009745139,0.002435014
431,0.0178294524,1.4504e-05,0.0072602742,0.002158584
432,0.0256913588,1.4482e-05,0.0047754094,0.001882154
433,0.0414210564,1.6803e-05,0.003534332,0.0018144484
434,0.0650185452,2.1467e-05,0.003537042,0.0019554672
435,0.088616034,2.6131e-05,0.003539752,0.002096486
436,0.105169976,2.3331e-05,0.0067036396,0.0020842072
437,0.121723918,2.0531e-05,0.0098675272,0.0020719284
438,0.131095812,1.79776e-05,0.0144968728,0.0019077914
439,0.133285658,1.56708e-05,0.0205916764,0.0015917962
440,0.135475504,1.3364e-05,0.02668648,0.001275801
441,0.1805576432,1.5238e-05,0.0309616644,0.001062187
442,0.2256397824,1.7112e-05,0.0352368488,0.000848573
443,0.2863308362,1.89578e-05,0.0480003004,0.0007183274
444,0.3626308046,2.07754e-05,0.0692520192,0.0006714502
445,0.438930773,2.2593e-05,0.090503738,0.000624573
446,0.4707489918,2.07918e-05,0.0906297824,0.0006304822
447,0.5025672106,1.89906e-05,0.0907558268,0.0006363914
448,0.50994986,1.6981e-05,0.0806466736,0.000667088
449,0.49289694,1.4763e-05,0.0603023228,0.000722572
450,0.47584402,1.2545e-05,0.039957972,0.000778056
451,0.492607654,1.56806e-05,0.0323303012,0.0009439904
452,0.509371288,1.88162e-05,0.0247026304,0.0011099248
453,0.5461259526,2.18932e-05,0.018325994,0.0013739332
454,0.6028716478,2.49116e-05,0.013200392,0.0017360156
455,0.659617343,2.793e-05,0.00807479,0.002098098
456,0.707191947,2.85852e-05,0.005925674,0.0022259352
457,0.754766551,2.92404e-05,0.003776558,0.0023537724
458,0.7820194256,3.21416e-05,0.0023865668,0.0022037786
459,0.7889505708,3.72888e-05,0.0017557004,0.0017759538
460,0.795881716,4.2436e-05,0.001124834,0.001348129
461,0.7865449728,4.02444e-05,0.0009334696,0.001063973
462,0.7772082296,3.80528e-05,0.0007421052,0.000779817
463,0.7739549752,3.48424e-05,0.0006177798,0.0005816236
464,0.7767852096,3.06132e-05,0.0005604934,0.0004693928
465,0.779615444,2.6384e-05,0.000503207,0.000357162
466,0.7915307104,2.58136e-05,0.0005441286,0.0003307928
467,0.8034459768,2.52432e-05,0.0005850502,0.0003044236
468,0.8139994582,2.8961e-05,0.0006841286,0.0002833412
469,0.8231911546,3.6967e-05,0.0008413638,0.0002675456
470,0.832382851,4.4973e-05,0.000998599,0.00025175
471,0.8369120342,6.34498e-05,0.001377525,0.0002534592
472,0.8414412174,8.19266e-05,0.001756451,0.0002551684
473,0.8431656202,9.60606e-05,0.0018480124,0.000272248
474,0.8420852426,0.0001058518,0.0016522092,0.000304698
475,0.841004865,0.000115643,0.001456406,0.000337148
476,0.837893829,0.0001026534,0.0011175968,0.0004057888
477,0.834782793,8.96638e-05,0.0007787876,0.0004744296
478,0.8315911532,8.22724e-05,0.0005521558,0.0005820328
479,0.8283189096,8.04792e-05,0.0004377014,0.0007285984
480,0.825046666,7.8686e-05,0.000323247,0.000875164
481,0.8248535392,0.0001249772,0.0002941394,0.0009230072
482,0.8246604124,0.0001712684,0.0002650318,0.0009708504
483,0.8270292438,0.0002242984,0.0002511664,0.0009285868
484,0.8319600334,0.0002840672,0.0002525432,0.0007962164
485,0.836890823,0.000343836,0.00025392,0.000663846
486,0.8505632186,0.0003714656,0.0002868424,0.000552828
487,0.8642356142,0.0003990952,0.0003197648,0.00044181
488,0.8801875506,0.0004301188,0.000376593,0.0003615636
489,0.8984190278,0.0004645364,0.000457327,0.0003120888
490,0.916650505,0.000498954,0.000538061,0.000262614
491,0.9289306114,0.000616738,0.000633953,0.0002525484
492,0.9412107178,0.000734522,0.000729845,0.0002424828
493,0.949910507,0.001564302,0.0007202004,0.0002376112
494,0.955029979,0.003106078,0.0006050192,0.0002379336
495,0.960149451,0.004647854,0.000489838,0.000238256
496,0.9628382746,0.0062305804,0.0003757736,0.0002554708
497,0.9655270982,0.0078133068,0.0002617092,0.0002726856
498,0.9684534918,0.0097750982,0.0001812454,0.0002978556
499,0.9716174554,0.0121159546,0.0001343822,0.0003309808
500,0.974781419,0.014456811,8.7519e-05,0.000364106
501,0.9740630526,0.0185122470000001,7.63013999999997e-05,0.000443209600000002
502,0.9733446862,0.0225676830000002,6.50837999999995e-05,0.000522313200000004
503,0.9720657274,0.0293922066000004,5.19249999999993e-05,0.000598917400000003
504,0.9702261762,0.0389858178000002,3.68249999999997e-05,0.000673022200000002
505,0.968386625,0.048579429,2.1725e-05,0.000747127
506,0.9675809878,0.0735190498000006,2.46566000000001e-05,0.0007470894
507,0.9667753506,0.0984586706000011,2.75882000000001e-05,0.0007470518
508,0.9679773416,0.136332170600002,2.91812e-05,0.000713886199999997
509,0.9711869608,0.187139549800001,2.94356e-05,0.000647592599999998
510,0.97439658,0.237946929,2.969e-05,0.000581299
511,0.9807746072,0.3177843818,3.41352e-05,0.0005193022
512,0.9871526344,0.3976218346,3.85804e-05,0.0004573054
513,0.9922733184,0.481270053,4.17646e-05,0.0004056636
514,0.9961366592,0.568729037,4.36878e-05,0.0003643768
515,1,0.656188021,4.5611e-05,0.00032309
516,0.9975232924,0.721062623,4.52706e-05,0.0003165676
517,0.9950465848,0.785937225,4.49302e-05,0.0003100452
518,0.9913874816,0.8335761434,4.22444e-05,0.00030627
519,0.9865459828,0.8639793782,3.72132e-05,0.000305242
520,0.981704484,0.894382613,3.2182e-05,0.000304214
521,0.9815497404,0.903236189,2.82048e-05,0.0003115464
522,0.9813949968,0.912089765,2.42276e-05,0.0003188788
523,0.978481532,0.9178207734,2.07372e-05,0.0003348782
524,0.972809346,0.9204292142,1.77336e-05,0.0003595446
525,0.96713716,0.923037655,1.473e-05,0.000384211
526,0.9346223928,0.925283801,1.26404e-05,0.0004171626
527,0.9021076256,0.927529947,1.05508e-05,0.0004501142
528,0.852190048,0.9304032348,9.0458e-06,0.000492789
529,0.78486966,0.9339036644,8.1254e-06,0.000545187
530,0.717549272,0.937404094,7.205e-06,0.000597585
531,0.63027462,0.9427390448,8.8482e-06,0.0006439626
532,0.542999968,0.9480739956,1.04914e-05,0.0006903402
533,0.4605389366,0.9529192824,1.53206e-05,0.0007436974
534,0.3828915258,0.9572749052,2.33358e-05,0.0008040342
535,0.305244115,0.961630528,3.1351e-05,0.000864371
536,0.2527496302,0.9646457416,2.37378e-05,0.000882101
537,0.2002551454,0.9676609552,1.61246e-05,0.000899831
538,0.1582672138,0.9707831184,1.2288e-05,0.0009045836
539,0.1267858354,0.9740122312,1.2228e-05,0.0008963588
540,0.095304457,0.977241344,1.2168e-05,0.000888134
541,0.079157697,0.97895537,1.85088e-05,0.0008473372
542,0.063010937,0.980669396,2.48496e-05,0.0008065404
543,0.0509343612,0.9819081122,2.60244e-05,0.000761588
544,0.0429279696,0.9826715186,2.20332e-05,0.00071248
545,0.034921578,0.983434925,1.8042e-05,0.000663372
546,0.0314988728,0.9850899162,2.12744e-05,0.000634356
547,0.0280761676,0.9867449074,2.45068e-05,0.00060534
548,0.025738406,0.98921304,2.36602e-05,0.000577959
549,0.024485588,0.992494314,1.87346e-05,0.000552213
550,0.02323277,0.995775588,1.3809e-05,0.000526467
551,0.0229577464,0.9974653528,2.39854e-05,0.0005378286
552,0.0226827228,0.9991551176,3.41618e-05,0.0005491902
553,0.0222812376,0.9994634318,4.1755e-05,0.0005729432
554,0.0217532908,0.9983902954,4.6765e-05,0.0006090876
555,0.021225344,0.997317159,5.1775e-05,0.000645232
556,0.0197318852,0.9923574422,5.88818e-05,0.0007214392
557,0.0182384264,0.9873977254,6.59886e-05,0.0007976464
558,0.0163996022,0.9815191306,7.15862e-05,0.000939558
559,0.0142154126,0.9747216578,7.56746e-05,0.001147174
560,0.012031223,0.967924185,7.9763e-05,0.00135479
561,0.010163911,0.9622778874,7.9287e-05,0.0017779952
562,0.008296599,0.9566315898,7.8811e-05,0.0022012004
563,0.0068258974,0.9538844582,8.29598e-05,0.0024799626
564,0.0057518062,0.9540364926,9.17334e-05,0.0026142818
565,0.004677715,0.954188527,0.000100507,0.002748601
566,0.0041519458,0.959527521,0.0001071154,0.0022268078
567,0.0036261766,0.964866515,0.0001137238,0.0017050146
568,0.0032131422,0.9703902956,0.0001233082,0.0012840446
569,0.0029128426,0.9760988628,0.0001358686,0.0009638978
570,0.002612543,0.98180743,0.000148429,0.000643751
571,0.0023849606,0.9837907508,0.0001626062,0.0005312222
572,0.0021573782,0.9857740716,0.0001767834,0.0004186934
573,0.0019384966,0.9838950724,0.0001893178,0.0003386284
574,0.0017283158,0.9781537532,0.0002002094,0.0002910272
575,0.001518135,0.972412434,0.000211101,0.000243426
576,0.0013361958,0.957261562,0.0002456474,0.0002153128
577,0.0011542566,0.94211069,0.0002801938,0.0001871996
578,0.0009929352,0.924218145,0.0003212774,0.0001700716
579,0.0008522316,0.903583927,0.0003688982,0.0001639288
580,0.000711528,0.882949709,0.000416519,0.000157786
581,0.0006369732,0.867392873,0.000504929,0.0001608576
582,0.0005624184,0.851836037,0.000593339,0.0001639292
583,0.0005032846,0.8403558248,0.0007104114,0.000170512
584,0.0004595718,0.8329522364,0.0008561462,0.000180606
585,0.000415859,0.825548648,0.001001881,0.0001907
586,0.0004150566,0.819451908,0.0019175466,0.0002091964
587,0.0004142542,0.813355168,0.0028332122,0.0002276928
588,0.000438494,0.798579732,0.0046363584,0.000254586
589,0.000487776,0.7751256,0.0073269852,0.000289876
590,0.000537058,0.751671468,0.010017612,0.000325166
591,0.0007073424,0.7000946168,0.0132889236,0.0004665412
592,0.0008776268,0.6485177656,0.0165602352,0.0006079164
593,0.0010433662,0.585549052,0.0211713446,0.0008313178
594,0.0012045606,0.511188476,0.0271222518,0.0011367454
595,0.001365755,0.4368279,0.033073159,0.001442173
596,0.0013961218,0.364984382,0.044852011,0.001402459
597,0.0014264886,0.293140864,0.056630863,0.001362745
598,0.00133882,0.2332884506,0.073705503,0.0011911366
599,0.001133116,0.1854271418,0.096075931,0.0008876338
600,0.000927412,0.137565833,0.118446359,0.000584131
601,0.000695418,0.1136561234,0.1598769174,0.0004481746
602,0.000463424,0.0897464138,0.2013074758,0.0003122182
603,0.0003046764,0.071923841,0.2528049792,0.0002208542
604,0.0002191752,0.060188405,0.3143694276,0.0001740826
605,0.000133674,0.048452969,0.375933876,0.000127311
606,0.0001118476,0.0429010054,0.4487030312,0.0001175698
607,9.00212e-05,0.0373490418,0.5214721864,0.0001078286
608,7.59326e-05,0.0330504722,0.593228263,9.13456e-05
609,6.95818e-05,0.0300052966,0.663971261,6.81208e-05
610,6.3231e-05,0.026960121,0.734714259,4.4896e-05
611,5.86026e-05,0.0247737778,0.7865337778,5.32304e-05
612,5.39742e-05,0.0225874346,0.8383532966,6.15648e-05
613,5.22004e-05,0.0204411218,0.8779338154,6.3544e-05
614,5.32812e-05,0.0183348394,0.9052753342,5.9168e-05
615,5.4362e-05,0.016228557,0.932616853,5.4792e-05
616,5.4148e-05,0.0140623098,0.940906007,5.59768e-05
617,5.3934e-05,0.0118960626,0.949195161,5.71616e-05
618,5.2229e-05,0.0098743754,0.955202586,5.66456e-05
619,4.9033e-05,0.0079972482,0.958928282,5.44288e-05
620,4.5837e-05,0.006120121,0.962653978,5.2212e-05
621,4.3837e-05,0.004917323,0.9589414908,5.166e-05
622,4.1837e-05,0.003714525,0.9552290036,5.1108e-05
623,3.9027e-05,0.0028021774,0.9515691516,5.37384e-05
624,3.5407e-05,0.0021802802,0.9479619348,5.95512e-05
625,3.1787e-05,0.001558383,0.944354718,6.5364e-05
626,3.22862e-05,0.0012719842,0.9451184296,6.83468e-05
627,3.27854e-05,0.0009855854,0.9458821412,7.13296e-05
628,3.17168e-05,0.0007690576,0.9483860188,7.50422e-05
629,2.90804e-05,0.0006224008,0.9526300624,7.94846e-05
630,2.6444e-05,0.000475744,0.956874106,8.3927e-05
631,2.80884e-05,0.0004034276,0.9621092132,8.01274e-05
632,2.97328e-05,0.0003311112,0.9673443204,7.63278e-05
633,2.85954e-05,0.000274713,0.9728942388,7.34678e-05
634,2.46762e-05,0.000234233,0.9787589684,7.15474e-05
635,2.0757e-05,0.000193753,0.984623698,6.9627e-05
636,2.2203e-05,0.0001757538,0.9890074352,9.7471e-05
637,2.3649e-05,0.0001577546,0.9933911724,0.000125315
638,2.4356e-05,0.000140491,0.9964544248,0.0001454884
639,2.4324e-05,0.000123963,0.9981971924,0.0001579912
640,2.4292e-05,0.000107435,0.99993996,0.000170494
641,2.56108e-05,0.0001013234,0.999963976,0.000192586
642,2.69296e-05,9.52118e-05,0.999987992,0.000214678
643,2.72852e-05,8.56248e-05,0.9994021994,0.0002268538
644,2.66776e-05,7.25624e-05,0.9982065982,0.0002291134
645,2.607e-05,5.95e-05,0.997010997,0.000231373
646,2.4058e-05,5.8026e-05,0.9962384794,0.0002014142
647,2.2046e-05,5.6552e-05,0.9954659618,0.0001714554
648,2.37146e-05,5.98636e-05,0.993857284,0.0001552526
649,2.90638e-05,6.79608e-05,0.991412446,0.0001528058
650,3.4413e-05,7.6058e-05,0.988967608,0.000150359
651,3.59522e-05,8.13932e-05,0.9879481252,0.0001354218
652,3.74914e-05,8.67284e-05,0.9869286424,0.0001204846
653,3.8538e-05,9.14328e-05,0.9854178302,0.0001117452
654,3.9092e-05,9.55064e-05,0.9834156886,0.0001092036
655,3.9646e-05,9.958e-05,0.981413547,0.000106662
656,4.11268e-05,0.0001052492,0.9764594278,0.0001070508
657,4.26076e-05,0.0001109184,0.9715053086,0.0001074396
658,4.0345e-05,0.0001186516,0.966244584,0.0001065104
659,3.4339e-05,0.0001284488,0.960677254,0.0001042632
660,2.8333e-05,0.000138246,0.955109924,0.000102016
661,2.81774e-05,0.0001616684,0.9481872856,9.6054e-05
662,2.80218e-05,0.0001850908,0.9412646472,9.0092e-05
663,2.61288e-05,0.00020361,0.9337726274,8.04336e-05
664,2.24984e-05,0.000217226,0.9257112262,6.70788e-05
665,1.8868e-05,0.000230842,0.917649825,5.3724e-05
666,2.2296e-05,0.0002229408,0.907741987,4.65088e-05
667,2.5724e-05,0.0002150396,0.897834149,3.92936e-05
668,2.68958e-05,0.0001991466,0.8876745422,3.7409e-05
669,2.58114e-05,0.0001752618,0.8772631666,4.0855e-05
670,2.4727e-05,0.000151377,0.866851791,4.4301e-05
671,2.32926e-05,0.0001165866,0.8580474918,4.15358e-05
672,2.18582e-05,8.17962e-05,0.8492431926,3.87706e-05
673,1.96864e-05,5.77276e-05,0.8403914618,4.38378e-05
674,1.67772e-05,4.43808e-05,0.8314922994,5.67374e-05
675,1.3868e-05,3.1034e-05,0.822593137,6.9637e-05
676,1.52156e-05,3.00452e-05,0.8092902242,7.2789e-05
677,1.65632e-05,2.90564e-05,0.7959873114,7.5941e-05
678,1.89734e-05,2.91332e-05,0.7790259474,7.79564e-05
679,2.24462e-05,3.02756e-05,0.7584061322,7.88352e-05
680,2.5919e-05,3.1418e-05,0.737786317,7.9714e-05
681,2.76846e-05,3.22204e-05,0.7078526614,0.0001015808
682,2.94502e-05,3.30228e-05,0.6779190058,0.0001234476
683,3.09288e-05,3.1088e-05,0.6436800656,0.000132576
684,3.21204e-05,2.6416e-05,0.6051358408,0.000128966
685,3.3312e-05,2.1744e-05,0.566591616,0.000125356
686,3.79868e-05,2.25748e-05,0.519800266,0.0001577716
687,4.26616e-05,2.34056e-05,0.473008916,0.0001901872
688,4.40252e-05,2.31932e-05,0.424934306,0.0002145974
689,4.20776e-05,2.19376e-05,0.375576436,0.0002310022
690,4.013e-05,2.0682e-05,0.326218566,0.000247407
691,4.01908e-05,1.99444e-05,0.2835515792,0.0002581334
692,4.02516e-05,1.92068e-05,0.2408845924,0.0002688598
693,3.9985e-05,1.97892e-05,0.203989873,0.0002962024
694,3.9391e-05,2.16916e-05,0.172867421,0.0003401612
695,3.8797e-05,2.3594e-05,0.141744969,0.00038412
696,3.68518e-05,2.35856e-05,0.1220985658,0.0004146188
697,3.49066e-05,2.35772e-05,0.1024521626,0.0004451176
698,3.3349e-05,2.28614e-05,0.0865002148,0.0004943652
699,3.2179e-05,2.14382e-05,0.0742427224,0.0005623616
700,3.1009e-05,2.0015e-05,0.06198523,0.000630358
701,3.07066e-05,1.98854e-05,0.0554611388,0.000708162
702,3.04042e-05,1.97558e-05,0.0489370476,0.000785966
703,2.90872e-05,1.90098e-05,0.043658431,0.000856058
704,2.67556e-05,1.76474e-05,0.039625289,0.000918438
705,2.4424e-05,1.6285e-05,0.035592147,0.000980818
706,2.36924e-05,2.22106e-05,0.0337987854,0.0010835256
707,2.29608e-05,2.81362e-05,0.0320054238,0.0011862332
708,2.23244e-05,3.4264e-05,0.0307943124,0.0012627388
709,2.17832e-05,4.0594e-05,0.0301654512,0.0013130424
710,2.1242e-05,4.6924e-05,0.02953659,0.001363346
711,2.5894e-05,3.98828e-05,0.027062252,0.0014532388
712,3.0546e-05,3.28416e-05,0.024587914,0.0015431316
713,4.02306e-05,2.88022e-05,0.0224756988,0.00162234
714,5.49478e-05,2.77646e-05,0.0207256064,0.001690864
715,6.9665e-05,2.6727e-05,0.018975514,0.001759388
716,0.0001304782,2.54394e-05,0.0177346424,0.0018257192
717,0.0001912914,2.41518e-05,0.0164937708,0.0018920504
718,0.0002796286,2.67984e-05,0.0153457616,0.0019606792
719,0.0003954898,3.33792e-05,0.0142906148,0.0020316056
720,0.000511351,3.996e-05,0.013235468,0.002102532
721,0.0006451146,6.8976e-05,0.0122430832,0.002190784
722,0.0007788782,9.7992e-05,0.0112506984,0.002279036
723,0.0008677892,0.0001284634,0.0102841148,0.002367276
724,0.0009118476,0.0001603902,0.0093433324,0.002455504
725,0.000955906,0.000192317,0.00840255,0.002543732
726,0.0008603536,0.0002079838,0.0075971304,0.0030271732
727,0.0007648012,0.0002236506,0.0067917108,0.0035106144
728,0.0006728054,0.0002302456,0.0060438396,0.0038924588
729,0.0005843662,0.0002277688,0.0053535168,0.0041727064
730,0.000495927,0.000225292,0.004663194,0.004452954
731,0.0004766618,0.0001886496,0.0041513872,0.004831358
732,0.0004573966,0.0001520072,0.0036395804,0.005209762
733,0.0004807032,0.0001180218,0.0031906096,0.0056517924
734,0.0005465816,8.66934e-05,0.0028044748,0.0061574492
735,0.00061246,5.5365e-05,0.00241834,0.006663106
736,0.0008530644,5.77926e-05,0.0021505888,0.0073641684
737,0.0010936688,6.02202e-05,0.0018828376,0.0080652308
738,0.0012992618,5.7509e-05,0.0016583232,0.0088994876
739,0.0014698434,4.9659e-05,0.0014770456,0.0098669388
740,0.001640425,4.1809e-05,0.001295768,0.01083439
741,0.0016621902,4.05114e-05,0.0011752884,0.0125630712
742,0.0016839554,3.92138e-05,0.0010548088,0.0142917524
743,0.0015524858,3.85528e-05,0.000944599,0.016413039
744,0.0012677814,3.85284e-05,0.000844659,0.018926931
745,0.000983077,3.8504e-05,0.000744719,0.021440823
746,0.0007355294,3.39672e-05,0.0006994846,0.0246580146
747,0.0004879818,2.94304e-05,0.0006542502,0.0278752062
748,0.0003248746,2.64302e-05,0.0006082194,0.031936301
749,0.0002462078,2.49666e-05,0.0005613922,0.036841299
750,0.000167541,2.3503e-05,0.000514565,0.041746297
751,0.000135447,2.21038e-05,0.0004830278,0.0486953262
752,0.000103353,2.07046e-05,0.0004514906,0.0556443554
753,8.12404e-05,2.02092e-05,0.0004195952,0.0641223468
754,6.91092e-05,2.06176e-05,0.0003873416,0.0741293004
755,5.6978e-05,2.1026e-05,0.000355088,0.084136254
756,5.68816e-05,2.48348e-05,0.0003393864,0.0984667244
757,5.67852e-05,2.86436e-05,0.0003236848,0.1127971948
758,5.73166e-05,3.29114e-05,0.0003142864,0.1296666106
759,5.84758e-05,3.76382e-05,0.0003111912,0.1490749718
760,5.9635e-05,4.2365e-05,0.000308096,0.168483333
761,5.42674e-05,3.77558e-05,0.0003011572,0.194867449
762,4.88998e-05,3.31466e-05,0.0002942184,0.221251565
763,4.46838e-05,3.15454e-05,0.0002899716,0.2505213176
764,4.16194e-05,3.29522e-05,0.0002884168,0.2826767068
765,3.8555e-05,3.4359e-05,0.000286862,0.314832096
766,4.68134e-05,3.41106e-05,0.0002822148,0.3529824828
767,5.50718e-05,3.38622e-05,0.0002775676,0.3911328696
768,6.11968e-05,3.43132e-05,0.000281192,0.430795913
769,6.51884e-05,3.54636e-05,0.000293088,0.471971613
770,6.918e-05,3.6614e-05,0.000304984,0.513147313
771,6.06788e-05,3.33672e-05,0.000303478,0.5557290478
772,5.21776e-05,3.01204e-05,0.000301972,0.5983107826
773,5.59554e-05,2.96088e-05,0.000307868,0.6396078176
774,7.20122e-05,3.18324e-05,0.000321166,0.6796201528
775,8.8069e-05,3.4056e-05,0.000334464,0.719632488
776,7.82342e-05,3.37652e-05,0.000373204,0.7549720144
777,6.83994e-05,3.34744e-05,0.000411944,0.7903115408
778,6.99406e-05,3.52374e-05,0.0004442096,0.8220354048
779,8.28578e-05,3.90542e-05,0.0004700008,0.8501436064
780,9.5775e-05,4.2871e-05,0.000495792,0.878251808
781,9.84558e-05,4.2695e-05,0.000517146,0.899472132
782,0.0001011366,4.2519e-05,0.0005385,0.920692456
783,0.0001135688,4.3455e-05,0.0005561798,0.9382753498
784,0.0001357524,4.5503e-05,0.0005701854,0.9522208134
785,0.000157936,4.7551e-05,0.000584191,0.966166277
786,0.0001908644,4.54058e-05,0.0006181826,0.974058293
787,0.0002237928,4.32606e-05,0.0006521742,0.981950309
788,0.0002627736,3.8453e-05,0.0006747814,0.9878927012
789,0.0003078068,3.0983e-05,0.0006860042,0.9918854696
790,0.00035284,2.3513e-05,0.000697227,0.995878238
791,0.0004302252,3.1873e-05,0.0006845286,0.9975269428
792,0.0005076104,4.0233e-05,0.0006718302,0.9991756476
793,0.0005830712,4.56936e-05,0.0006497754,0.9995785524
794,0.0006566076,4.82548e-05,0.0006183642,0.9987356572
795,0.000730144,5.0816e-05,0.000586953,0.997892762
796,0.0007570928,4.85192e-05,0.000539829,0.9959574484
797,0.0007840416,4.62224e-05,0.000492705,0.9940221348
798,0.0007832294,4.47182e-05,0.0004570952,0.9915134024
799,0.0007546562,4.40066e-05,0.0004329996,0.9884312512
800,0.000726083,4.3295e-05,0.000408904,0.9853491
801,0.0006459226,5.01066e-05,0.0003898808,0.980618244
802,0.0005657622,5.69182e-05,0.0003708576,0.975887388
803,0.0005001154,6.1831e-05,0.000337193,0.9709394592
804,0.0004489822,6.4845e-05,0.000288887,0.9657744576
805,0.000397849,6.7859e-05,0.000240581,0.960609456
806,0.0003650922,8.68978e-05,0.0002487706,0.9561422316
807,0.0003323354,0.0001059366,0.0002569602,0.9516750072
808,0.0003072794,0.0001283578,0.0002583972,0.9470693158
809,0.0002899242,0.0001541614,0.0002530816,0.9423251574
810,0.000272569,0.000179965,0.000247766,0.937580999
811,0.0002687974,0.0002513462,0.0002340368,0.9350789182
812,0.0002650258,0.0003227274,0.0002203076,0.9325768374
813,0.0002585452,0.0004810128,0.0002127366,0.9307358508
814,0.0002493556,0.0007262024,0.0002113238,0.9295559584
815,0.000240166,0.000971392,0.000209911,0.928376066
816,0.0002364792,0.0022511696,0.0002026498,0.9280374568
817,0.0002327924,0.0035309472,0.0001953886,0.9276988476
818,0.0002333662,0.0046847486,0.0001862724,0.9277955932
819,0.0002382006,0.0057125738,0.0001753012,0.9283276936
820,0.000243035,0.006740399,0.00016433,0.928859794
821,0.0002565458,0.0072209126,0.0001706204,0.9292790244
822,0.0002700566,0.0077014262,0.0001769108,0.9296982548
823,0.0002861592,0.0077411694,0.000187676,0.9299598708
824,0.0003048536,0.0073401422,0.000202916,0.9300638724
825,0.000323548,0.006939115,0.000218156,0.930167874
826,0.0003481368,0.0053538902,0.000211068,0.9304770564
827,0.0003727256,0.0037686654,0.00020398,0.9307862388
828,0.0004070844,0.0026097088,0.000200974,0.9310496688
829,0.0004512132,0.0018770204,0.00020205,0.9312673464
830,0.000495342,0.001144332,0.000203126,0.931485024
831,0.0005427248,0.0009707736,0.0002158588,0.93001167
832,0.0005901076,0.0007972152,0.0002285916,0.928538316
833,0.0006568978,0.0006789478,0.000242705,0.9267600124
834,0.0007430954,0.0006159714,0.000258199,0.9246767592
835,0.000829293,0.000552995,0.000273693,0.922593506
836,0.0009739522,0.0005326158,0.000270361,0.9200164472
837,0.0011186114,0.0005122366,0.000267029,0.9174393884
838,0.0013194146,0.000501295,0.0002712138,0.914386664
839,0.0015763618,0.000499791,0.0002829154,0.910858274
840,0.001833309,0.000498287,0.000294617,0.907329884
841,0.0023450986,0.0005153318,0.0003635502,0.9033891164
842,0.0028568882,0.0005323766,0.0004324834,0.8994483488
843,0.0036132032,0.0005585316,0.0004712574,0.8948738982
844,0.0046140436,0.0005937968,0.0004798722,0.8896657646
845,0.005614884,0.000629062,0.000488487,0.884457631
846,0.0075567884,0.0006991868,0.0005589666,0.8801113382
847,0.0094986928,0.0007693116,0.0006294462,0.8757650454
848,0.0117354124,0.0008599824,0.0006878194,0.8709453044
849,0.0142669472,0.0009711992,0.0007340862,0.8656521152
850,0.016798482,0.001082416,0.000780353,0.860358926
851,0.0186244576,0.001324652,0.0008919958,0.85597716
852,0.0204504332,0.001566888,0.0010036386,0.851595394
853,0.021459237,0.0019636796,0.0011279178,0.8469197636
854,0.021650869,0.0025150268,0.0012648334,0.8419502688
855,0.021842501,0.003066374,0.001401749,0.836980774
856,0.0202532062,0.0040620616,0.0016019834,0.8325639376
857,0.0186639114,0.0050577492,0.0018022178,0.8281471012
858,0.0170615462,0.0062921428,0.0020205502,0.8233860122
859,0.0154461106,0.0077652424,0.0022569806,0.8182806706
860,0.013830675,0.009238342,0.002493411,0.813175329
861,0.0126270274,0.0105991588,0.0028721246,0.8072089522
862,0.0114233798,0.0119599756,0.0032508382,0.8012425754
863,0.0104663908,0.0130278898,0.0035963596,0.7956510874
864,0.0097560604,0.0138029014,0.0039086888,0.7904344882
865,0.00904573,0.014577913,0.004221018,0.785217889
866,0.008651182,0.0144520398,0.0046787848,0.7799307462
867,0.008256634,0.0143261666,0.0051365516,0.7746436034
868,0.008047231,0.0137844632,0.0055494762,0.7691919934
869,0.008022973,0.0128269296,0.0059175586,0.7635759162
870,0.007998715,0.011869396,0.006285641,0.757959839
871,0.0080499138,0.0107536336,0.006524169,0.752077711
872,0.0081011126,0.0096378712,0.006762697,0.746195583
873,0.0082976796,0.0086370766,0.0069293448,0.7400709868
874,0.0086396148,0.0077512498,0.0070241124,0.7337039224
875,0.00898155,0.006865423,0.00711888,0.727336858
876,0.0095125472,0.0064179246,0.00708918,0.7203187764
877,0.0100435444,0.0059704262,0.00705948,0.7133006948
878,0.0107957988,0.0056485966,0.0069541054,0.7059611362
879,0.0117693104,0.0054524358,0.0067730562,0.6983001006
880,0.012742822,0.005256275,0.006592007,0.690639065
881,0.0142011304,0.005322689,0.0066719366,0.6821468238
882,0.0156594388,0.005389103,0.0067518662,0.6736545826
883,0.0175815944,0.0055579662,0.0067719056,0.6647999488
884,0.0199675972,0.0058292786,0.0067320548,0.6555829224
885,0.0223536,0.006100591,0.006692204,0.646365896
886,0.0258682216,0.0063965042,0.0067600412,0.6366582892
887,0.0293828432,0.0066924174,0.0068278784,0.6269506824
888,0.0332347498,0.007153862,0.0069000968,0.6169877076
889,0.0374239414,0.007780838,0.0069766964,0.6067693648
890,0.041613133,0.008407814,0.007053296,0.596551022
891,0.0450979778,0.00935183,0.0071903956,0.586585024
892,0.0485828226,0.010295846,0.0073274952,0.576619026
893,0.050992562,0.0114267168,0.0075419348,0.5667548124
894,0.052327196,0.0127444424,0.0078337144,0.5569923832
895,0.05366183,0.014062168,0.008125494,0.547229954
896,0.0517718556,0.015866606,0.008373276,0.5373308716
897,0.0498818812,0.017671044,0.008621058,0.5274317892
898,0.0470507782,0.019534658,0.0089288722,0.517906588
899,0.0432785466,0.021457448,0.0092967186,0.508755268
900,0.039506315,0.023380238,0.009664565,0.499603948
901,0.035477443,0.0250531012,0.0100665986,0.4906066144
902,0.031448571,0.0267259644,0.0104686322,0.4816092808
903,0.02784282,0.0280772304,0.01093991,0.4729562002
904,0.02466019,0.0291068992,0.011480432,0.4646473726
905,0.02147756,0.030136568,0.012020954,0.456338545
906,0.0194377308,0.0302252008,0.0127051324,0.4484396762
907,0.0173979016,0.0303138336,0.0133893108,0.4405408074
908,0.015706872,0.0300789284,0.014183603,0.4325532552
909,0.014364642,0.0295204852,0.015088009,0.4244770196
910,0.013022412,0.028962042,0.015992415,0.416400784
911,0.012183806,0.0281398028,0.0168361402,0.4078226812
912,0.0113452,0.0273175636,0.0176798654,0.3992445784
913,0.0106419826,0.0265295322,0.0186153922,0.3897260286
914,0.0100741538,0.0257757086,0.0196427206,0.3792670318
915,0.009506325,0.025021885,0.020670049,0.368808035
916,0.0091132354,0.024595097,0.0218646894,0.3553346086
917,0.0087201458,0.024168309,0.0230593298,0.3418611822
918,0.0083794228,0.0238691936,0.0243214754,0.3269063402
919,0.0080910664,0.0236977508,0.0256511262,0.3104700826
920,0.00780271,0.023526308,0.026980777,0.294033825
921,0.0076808016,0.023688006,0.028616673,0.2753389622
922,0.0075588932,0.023849704,0.030252569,0.2566440994
923,0.0074650408,0.0241140254,0.031924069,0.23739295
924,0.0073992444,0.0244809702,0.033631173,0.217585514
925,0.007333448,0.024847915,0.035338277,0.197778078
926,0.0073680536,0.025307455,0.0371628194,0.1786027124
927,0.0074026592,0.025766995,0.0389873618,0.1594273468
928,0.0074352,0.0262100176,0.0407014902,0.1414149432
929,0.007465676,0.0266365228,0.0423052046,0.1245655016
930,0.007496152,0.027063028,0.043908919,0.10771606
931,0.0075858344,0.027052272,0.0448528314,0.0943893644
932,0.0076755168,0.027041516,0.0457967438,0.0810626688
933,0.007747717,0.026773151,0.04611938,0.069431378
934,0.007802435,0.026247177,0.04582074,0.059495492
935,0.007857153,0.025721203,0.0455221,0.049559606
936,0.0078718394,0.024613657,0.043674382,0.0429572888
937,0.0078865258,0.023506111,0.041826664,0.0363549716
938,0.0078706818,0.0221731012,0.0393902116,0.0307931926
939,0.0078243074,0.0206146276,0.0363650248,0.0262719518
940,0.007777933,0.019056154,0.033339838,0.021750711
941,0.0075861354,0.0174175388,0.0300580792,0.0189110282
942,0.0073943378,0.0157789236,0.0267763204,0.0160713454
943,0.0071700968,0.0141888502,0.0236925342,0.0138016148
944,0.0069134124,0.0126473186,0.0208067206,0.0121018364
945,0.006656728,0.011105787,0.017920907,0.010402058
946,0.0063018396,0.009889957,0.0157610598,0.0093106596
947,0.0059469512,0.008674127,0.0136012126,0.0082192612
948,0.0055880326,0.007615798,0.011740516,0.0073752936
949,0.0052250838,0.00671497,0.01017897,0.0067787568
950,0.004862135,0.005814142,0.008617424,0.00618222
