Wavelength,Pan,Green,Blue,Red,NIR,RedEdge,BlueCoastal
350,3.94106E-06,1.49642E-06,9.03888E-06,2.96805E-08,1.57547E-07,7.22223E-08,1.96421E-08
351,6.63899E-06,2.22138E-06,1.25016E-05,6.69309E-08,1.93022E-07,7.34621E-08,6.9791E-08
352,8.72284E-06,2.65856E-06,1.5515E-05,2.01179E-07,1.95379E-07,8.73052E-08,7.99682E-08
353,9.58839E-06,2.72733E-06,1.72045E-05,3.47792E-07,2.32167E-07,8.88013E-08,2.33894E-08
354,1.12516E-05,2.79763E-06,1.78502E-05,4.11903E-07,2.63463E-07,7.55624E-08,1.85337E-08
355,1.26219E-05,2.71683E-06,1.85247E-05,5.57181E-07,2.40493E-07,7.15827E-08,5.62396E-08
356,1.04138E-05,2.52074E-06,1.89073E-05,5.42749E-07,1.99545E-07,7.32386E-08,4.93436E-08
357,8.73739E-06,2.52014E-06,1.89284E-05,4.92747E-07,2.01398E-07,8.22465E-08,8.25131E-08
358,8.34961E-06,2.63382E-06,1.93442E-05,3.97193E-07,3.13972E-07,8.68315E-08,1.08645E-07
359,1.02064E-05,2.71992E-06,1.95333E-05,3.02579E-07,3.91087E-07,8.34176E-08,7.15108E-08
360,7.19003E-06,2.81119E-06,1.98099E-05,3.82664E-07,3.2498E-07,1.04097E-07,3.22731E-08
361,9.88544E-06,2.8323E-06,2.01358E-05,3.41262E-07,1.8086E-07,1.55633E-07,1.86412E-08
362,1.71501E-05,3.03113E-06,2.02122E-05,2.2661E-07,1.01956E-07,2.51446E-07,4.14575E-08
363,1.67288E-05,3.00756E-06,2.05882E-05,1.37711E-07,1.06942E-07,3.83094E-07,3.73901E-08
364,1.36954E-05,3.02768E-06,2.13173E-05,1.36688E-07,2.13432E-07,7.45836E-07,3.03463E-08
365,9.42957E-06,3.05357E-06,2.15584E-05,1.39084E-07,3.14737E-07,1.96602E-06,4.89898E-08
366,4.93836E-06,3.11316E-06,2.12865E-05,8.93383E-08,3.08909E-07,4.4636E-06,3.19095E-08
367,5.09804E-06,3.03904E-06,2.08552E-05,1.45737E-07,2.2569E-07,7.51992E-06,3.39491E-08
368,6.64523E-06,3.03186E-06,2.03393E-05,2.07367E-07,2.31673E-07,1.11356E-05,1.04986E-07
369,5.56406E-06,3.06136E-06,2.02201E-05,2.35981E-07,3.75857E-07,1.8795E-05,1.38552E-07
370,6.73202E-06,2.94185E-06,2.00691E-05,3.23513E-07,4.47283E-07,3.55841E-05,2.59198E-07
371,9.89866E-06,2.91398E-06,2.00168E-05,4.22398E-07,3.47106E-07,6.64232E-05,5.72074E-07
372,9.79073E-06,2.99579E-06,1.97383E-05,2.92497E-07,2.46513E-07,0.000113848,1.27445E-06
373,8.15481E-06,3.11316E-06,1.9778E-05,1.98565E-07,2.11429E-07,0.00017288,3.95194E-06
374,8.54644E-06,3.09669E-06,2.02931E-05,1.97248E-07,1.97701E-07,0.000232268,1.16289E-05
375,9.87589E-06,3.04256E-06,2.06288E-05,2.14735E-07,1.80909E-07,0.000294761,2.891E-05
376,8.25092E-06,3.07699E-06,2.07205E-05,1.88405E-07,1.80579E-07,0.000356846,6.14704E-05
377,9.62749E-06,2.96712E-06,2.07903E-05,1.83973E-07,2.03022E-07,0.000380942,0.00013809
378,8.2006E-06,2.90772E-06,2.09174E-05,1.56863E-07,2.23706E-07,0.000359338,0.000312266
379,6.66033E-06,2.98804E-06,2.09409E-05,1.37785E-07,2.57155E-07,0.000328764,0.000620754
380,7.54617E-06,3.10638E-06,2.13239E-05,1.62689E-07,2.58699E-07,0.000326509,0.001091548
381,7.6234E-06,3.1426E-06,2.13241E-05,1.75823E-07,2.19433E-07,0.000323262,0.001782411
382,6.15165E-06,3.12714E-06,2.13314E-05,1.22169E-07,2.0602E-07,0.000294632,0.002828161
383,6.22382E-06,3.27764E-06,2.14556E-05,1.08742E-07,2.4917E-07,0.000255473,0.004395602
384,7.10331E-06,3.33516E-06,2.17061E-05,1.72976E-07,3.0846E-07,0.000222879,0.006728616
385,7.13902E-06,3.47835E-06,2.20252E-05,2.98555E-07,3.45462E-07,0.000204207,0.010228531
386,7.20229E-06,3.76122E-06,2.25025E-05,2.79722E-07,3.13904E-07,0.000194317,0.016136189
387,6.43803E-06,4.00819E-06,2.3294E-05,3.28856E-07,3.42815E-07,0.000194996,0.02626221
388,5.59425E-06,4.24484E-06,2.41191E-05,4.80547E-07,4.53935E-07,0.000222936,0.041261913
389,5.4375E-06,4.32757E-06,2.50086E-05,4.58995E-07,5.81587E-07,0.000278269,0.05912921
390,4.38809E-06,4.49989E-06,2.60876E-05,5.30807E-07,7.45993E-07,0.000325188,0.076042318
391,4.01741E-06,4.78987E-06,2.73472E-05,6.20149E-07,9.01844E-07,0.00035072,0.089252158
392,3.78916E-06,4.96606E-06,2.84746E-05,5.13251E-07,9.13611E-07,0.00036072,0.098199075
393,5.58289E-06,5.3025E-06,2.9946E-05,5.23461E-07,8.66769E-07,0.000360469,0.104265519
394,7.02008E-06,5.4363E-06,3.19346E-05,7.66127E-07,9.11768E-07,0.000355171,0.108439098
395,5.11214E-06,5.76486E-06,3.40097E-05,1.1404E-06,9.20919E-07,0.000349355,0.111794808
396,4.65848E-06,6.15394E-06,3.64752E-05,1.45337E-06,1.06485E-06,0.0003272,0.116547293
397,3.95904E-06,6.9256E-06,3.92621E-05,1.66979E-06,1.37136E-06,0.000278331,0.125324839
398,4.39787E-06,7.53988E-06,4.22258E-05,2.07621E-06,1.78313E-06,0.000207113,0.138862816
399,6.62116E-06,8.42021E-06,4.53294E-05,3.66282E-06,2.4273E-06,0.000133807,0.156649971
400,8.98316E-06,1.00969E-05,4.84254E-05,8.43784E-06,3.31575E-06,8.45164E-05,0.176803967
401,8.55022E-06,1.24997E-05,5.17876E-05,1.68608E-05,4.35655E-06,6.2637E-05,0.196075801
402,9.48924E-06,1.49635E-05,5.572E-05,2.34E-05,5.71363E-06,5.51851E-05,0.213531631
403,1.35297E-05,1.84804E-05,5.98253E-05,2.30177E-05,8.03228E-06,5.37725E-05,0.22929039
404,1.7287E-05,2.39129E-05,6.42821E-05,1.77831E-05,1.23675E-05,5.8529E-05,0.244846371
405,1.74339E-05,3.71642E-05,6.90107E-05,1.32841E-05,2.00969E-05,6.97688E-05,0.26097742
406,1.40947E-05,6.41785E-05,7.36645E-05,9.66166E-06,3.03845E-05,9.0092E-05,0.277677519
407,1.42989E-05,0.00010173,7.87483E-05,6.79794E-06,4.2049E-05,0.000124906,0.296036447
408,2.22717E-05,0.000141053,8.35578E-05,6.14725E-06,5.81253E-05,0.000172545,0.316892304
409,3.82704E-05,0.00018079,8.89856E-05,6.18434E-06,8.68487E-05,0.000209945,0.340576463
410,6.61853E-05,0.000256681,9.59347E-05,5.55893E-06,0.000129318,0.000218818,0.365059975
411,0.000111412,0.000479328,0.000103277,5.11187E-06,0.000181562,0.000229711,0.388706983
412,0.000145854,0.001118525,0.000110446,8.55211E-06,0.000250094,0.00027073,0.410561015
413,0.000172389,0.002772652,0.000118256,2.02504E-05,0.000320042,0.000322642,0.431169859
414,0.000192491,0.006311901,0.000127234,4.04812E-05,0.000340409,0.000343491,0.452289173
415,0.000199705,0.01138676,0.000136991,6.45411E-05,0.000316373,0.000315845,0.474298757
416,0.000214181,0.014833764,0.000144598,9.01299E-05,0.000334712,0.000243787,0.496923897
417,0.00025896,0.013313674,0.000148386,0.000129006,0.000411524,0.000165523,0.520526009
418,0.000333864,0.007943912,0.00015038,0.000221176,0.000459299,0.000117201,0.542481435
419,0.000480469,0.003016355,0.000155972,0.000401374,0.000453042,0.000101319,0.563187031
420,0.000768925,0.000701528,0.000170374,0.000630026,0.000423898,9.40231E-05,0.582517929
421,0.001273986,0.000118804,0.000198406,0.000797548,0.000364633,8.15251E-05,0.6022168
422,0.001985679,3.53379E-05,0.000239319,0.000785093,0.000271404,6.38722E-05,0.623011384
423,0.002833466,2.49587E-05,0.000282216,0.000555048,0.000196681,5.51967E-05,0.644438107
424,0.003711299,2.39918E-05,0.000315007,0.000253699,0.000183057,7.71438E-05,0.664575785
425,0.004514764,2.45814E-05,0.000339981,6.56269E-05,0.000225735,0.00014313,0.682664545
426,0.005339493,2.56096E-05,0.000361634,1.03293E-05,0.000274181,0.000239176,0.698019072
427,0.006566625,2.67371E-05,0.000375029,3.13491E-06,0.000304425,0.000327276,0.712158277
428,0.008929594,2.68918E-05,0.000375619,2.99396E-06,0.000318442,0.000382125,0.727790725
429,0.013774239,2.80853E-05,0.000366701,2.99083E-06,0.000314934,0.000427786,0.745946191
430,0.023424478,2.81254E-05,0.000362185,2.59769E-06,0.000288593,0.000487796,0.765564337
431,0.041036945,2.81778E-05,0.000380866,4.22535E-06,0.000284092,0.000544917,0.78394144
432,0.068830062,2.85835E-05,0.000440547,1.14847E-05,0.000364323,0.000551249,0.797184566
433,0.105874792,2.8664E-05,0.000627697,2.42504E-05,0.000514198,0.000484404,0.807878933
434,0.147805189,2.82284E-05,0.001172401,3.87026E-05,0.00062265,0.000368511,0.820588988
435,0.190052743,2.87276E-05,0.002510192,5.18258E-05,0.000630434,0.000255495,0.838540264
436,0.231102215,2.98744E-05,0.005357169,6.13678E-05,0.000560729,0.000181573,0.858521655
437,0.272471022,3.04836E-05,0.010944381,5.75588E-05,0.000453897,0.000140575,0.876339489
438,0.313133915,3.12525E-05,0.021770245,4.54224E-05,0.000353204,0.000110069,0.888410554
439,0.348598111,3.25531E-05,0.040466448,3.54455E-05,0.000305011,8.07922E-05,0.898399275
440,0.373035075,3.29221E-05,0.068746249,3.03933E-05,0.000316476,6.07888E-05,0.909918777
441,0.384439048,3.43705E-05,0.108291006,2.55826E-05,0.000333044,6.63024E-05,0.922052053
442,0.387300651,3.51407E-05,0.162542946,2.27303E-05,0.000308668,0.000111967,0.931901888
443,0.388866448,3.51075E-05,0.23523955,2.03892E-05,0.000256312,0.00019703,0.935004793
444,0.394584367,3.64958E-05,0.323794135,1.53549E-05,0.000212803,0.00029869,0.926587853
445,0.406155248,3.54221E-05,0.41715189,7.71247E-06,0.000181336,0.000372533,0.907124108
446,0.42110867,3.50227E-05,0.501329206,3.00261E-06,0.000156817,0.000413369,0.883709787
447,0.4356234,3.69682E-05,0.568280634,1.53946E-06,0.000152764,0.000457597,0.86994833
448,0.447106649,3.72695E-05,0.615982739,1.29386E-06,0.000196438,0.00051614,0.876319763
449,0.454724629,3.78783E-05,0.643508713,1.35514E-06,0.000296332,0.000524817,0.902438342
450,0.460072514,3.76738E-05,0.653496871,9.15451E-07,0.000397686,0.000438884,0.941831069
451,0.464389538,3.72049E-05,0.651945957,7.99637E-07,0.000446062,0.000299525,0.979875705
452,0.468340742,3.83335E-05,0.647499242,9.74007E-07,0.000472768,0.000176153,1
453,0.471472564,3.92377E-05,0.647653091,1.13914E-06,0.000531151,0.000105844,0.98573797
454,0.47381681,4.0341E-05,0.655729602,1.84461E-06,0.000603018,7.54854E-05,0.924028319
455,0.475271409,3.98817E-05,0.671494095,4.74659E-06,0.000679931,5.852E-05,0.817951392
456,0.476833059,3.8221E-05,0.693360196,8.94058E-06,0.000824323,4.3221E-05,0.686989994
457,0.480319436,3.89759E-05,0.71756917,1.72226E-05,0.001006208,2.88984E-05,0.553046995
458,0.486286291,4.04615E-05,0.738349286,3.02089E-05,0.001026388,1.92815E-05,0.427209725
459,0.494129701,4.05235E-05,0.751892456,3.68972E-05,0.000835358,1.55857E-05,0.313293542
460,0.502734601,4.1841E-05,0.759323369,3.23213E-05,0.000629929,1.41354E-05,0.216677802
461,0.510311717,4.27738E-05,0.762221635,2.58783E-05,0.000529191,1.1938E-05,0.143179363
462,0.516398103,4.42692E-05,0.763610716,2.34657E-05,0.00051616,9.10254E-06,0.094311922
463,0.520103215,4.4822E-05,0.765308215,2.35545E-05,0.000562709,7.31878E-06,0.065187308
464,0.522103259,4.28924E-05,0.770130662,2.65186E-05,0.000626166,7.3685E-06,0.048238528
465,0.523555224,4.30529E-05,0.779625157,2.80293E-05,0.000591314,8.86194E-06,0.037405932
466,0.525448209,4.38359E-05,0.79275791,2.45619E-05,0.000423902,9.98205E-06,0.029336611
467,0.528219617,4.40233E-05,0.8053884,1.78097E-05,0.000238536,1.21299E-05,0.022589381
468,0.532014385,4.37844E-05,0.814037608,1.29421E-05,0.000110811,2.21494E-05,0.01681638
469,0.536452798,4.30579E-05,0.818217746,9.76973E-06,4.15373E-05,6.96092E-05,0.012120264
470,0.540878541,4.28458E-05,0.820501379,6.93577E-06,1.69295E-05,0.000218463,0.008621079
471,0.544199885,4.39888E-05,0.824382827,4.6376E-06,2.04542E-05,0.000554328,0.006024606
472,0.546177367,4.64082E-05,0.831548158,3.47311E-06,2.92174E-05,0.001075583,0.004103733
473,0.547739216,4.39839E-05,0.840615085,3.24919E-06,3.08616E-05,0.001650384,0.002957334
474,0.550202657,4.43563E-05,0.847930525,6.84229E-06,2.34068E-05,0.002123557,0.002395228
475,0.554563095,4.70186E-05,0.851701424,1.67711E-05,1.4353E-05,0.002485508,0.002097103
476,0.561093629,4.80191E-05,0.853343119,3.97394E-05,8.56563E-06,0.002711278,0.001912655
477,0.56982546,4.7059E-05,0.857723615,8.41194E-05,6.10429E-06,0.002719761,0.001756264
478,0.57910363,4.49355E-05,0.865928881,0.000141208,7.28882E-06,0.002334848,0.001547511
479,0.587574684,4.31461E-05,0.87663318,0.000180616,9.69195E-06,0.001598914,0.001263809
480,0.593571211,4.22823E-05,0.885573867,0.000171196,8.72469E-06,0.000818432,0.000952708
481,0.596066852,4.22343E-05,0.890736593,0.000121525,6.36224E-06,0.000304363,0.000680579
482,0.595371027,4.35071E-05,0.894540981,6.50553E-05,4.81568E-06,8.96578E-05,0.000482124
483,0.592282109,4.57091E-05,0.900585604,2.76188E-05,3.17893E-06,3.36688E-05,0.000359247
484,0.587938393,4.51775E-05,0.909801915,1.01091E-05,2.49899E-06,2.45801E-05,0.000294846
485,0.583933789,4.43233E-05,0.920274674,5.37069E-06,3.19251E-06,2.17428E-05,0.000271231
486,0.581855239,4.39676E-05,0.92837739,5.49938E-06,4.06931E-06,1.85246E-05,0.000273491
487,0.583324285,4.68132E-05,0.93270719,7.09223E-06,4.64674E-06,1.62128E-05,0.000292398
488,0.588578084,4.697E-05,0.933429168,6.97701E-06,5.00684E-06,2.25166E-05,0.000316595
489,0.59753329,4.8295E-05,0.93352552,4.78583E-06,4.96779E-06,5.51077E-05,0.000329968
490,0.608944693,5.06486E-05,0.936493849,6.11223E-06,4.03522E-06,0.000131648,0.00032487
491,0.620600703,5.06475E-05,0.943504874,2.0172E-05,2.83896E-06,0.00024597,0.000299478
492,0.631134007,5.39924E-05,0.953388856,5.12236E-05,2.49625E-06,0.000359369,0.000261293
493,0.638958368,5.45199E-05,0.960842366,8.81347E-05,2.40147E-06,0.00044935,0.000220087
494,0.64427763,5.35571E-05,0.963005576,9.7144E-05,2.90647E-06,0.000546623,0.000185454
495,0.647590576,5.36488E-05,0.960071809,7.23723E-05,3.88329E-06,0.000634388,0.00016115
496,0.650012657,5.39707E-05,0.957783171,5.03574E-05,4.85895E-06,0.000628826,0.000144288
497,0.652485883,5.20848E-05,0.961454918,3.81354E-05,5.23555E-06,0.000532216,0.000137667
498,0.655723021,5.337E-05,0.970726823,2.10313E-05,5.0399E-06,0.000420693,0.000142035
499,0.659625276,5.37847E-05,0.979764899,6.7785E-06,4.42948E-06,0.000361183,0.000155369
500,0.664117858,5.18261E-05,0.983452672,1.93885E-06,3.60804E-06,0.000348239,0.000180097
501,0.668790113,5.4099E-05,0.982540248,9.14624E-07,3.69822E-06,0.00034305,0.000216864
502,0.673608635,5.56685E-05,0.983692132,6.49932E-07,4.76369E-06,0.000309151,0.000257403
503,0.678263406,5.81701E-05,0.990606921,4.63108E-07,5.6622E-06,0.000244493,0.000284382
504,0.682138375,6.63659E-05,0.998799265,6.10174E-07,6.11931E-06,0.000173759,0.000279558
505,0.684452638,7.59368E-05,1,1.24439E-06,6.01814E-06,0.000126493,0.000242324
506,0.685182653,9.24302E-05,0.991293332,4.69398E-06,5.26798E-06,0.000134415,0.000189762
507,0.685061467,0.0001115,0.979147654,1.5229E-05,4.3044E-06,0.000226942,0.000141434
508,0.683681379,0.000125688,0.970601713,2.94182E-05,3.38533E-06,0.000399719,0.000112655
509,0.682302751,0.000136429,0.967422539,3.73844E-05,2.7773E-06,0.000602151,0.000103349
510,0.682066898,0.000146062,0.963640679,3.20159E-05,2.88741E-06,0.000776198,0.000113705
511,0.682742699,0.000156387,0.952444876,2.00225E-05,3.21467E-06,0.000929138,0.000138532
512,0.684417381,0.000169465,0.93790195,1.03779E-05,3.63536E-06,0.000996893,0.000169202
513,0.686613554,0.000192092,0.931795297,4.20319E-06,1.05315E-05,0.000871891,0.000192352
514,0.68877707,0.000223176,0.939426842,1.91162E-06,4.39472E-05,0.000588705,0.000194847
515,0.690406952,0.00026519,0.950791902,1.43249E-06,0.000132297,0.000320036,0.000176355
516,0.692002915,0.000323179,0.945892019,1.7853E-06,0.000262197,0.000169757,0.000145923
517,0.694076412,0.000402994,0.903570051,1.46321E-06,0.000347511,0.000111227,0.000115291
518,0.697821856,0.000531165,0.816181953,3.55796E-06,0.000305855,9.0194E-05,9.12454E-05
519,0.703620732,0.000785766,0.691677591,8.4984E-06,0.000185671,8.26998E-05,7.35626E-05
520,0.711371455,0.001303871,0.547568107,1.71111E-05,9.07073E-05,9.35343E-05,6.07567E-05
521,0.720141941,0.00235167,0.406619729,3.10946E-05,4.92251E-05,0.000139694,5.07459E-05
522,0.728111468,0.004643459,0.288532085,5.35835E-05,5.29951E-05,0.000224405,4.20526E-05
523,0.733409609,0.008400659,0.203051852,7.39672E-05,0.000105754,0.000321999,3.87384E-05
524,0.735159822,0.013573712,0.148608563,6.95819E-05,0.000206799,0.000401075,3.86457E-05
525,0.733098014,0.019925184,0.115131211,4.15558E-05,0.000293003,0.000462829,4.4988E-05
526,0.728057317,0.027061461,0.092067022,1.47049E-05,0.00030055,0.00047657,5.74192E-05
527,0.721543214,0.035637171,0.072709001,3.77276E-06,0.000250386,0.000402094,7.45803E-05
528,0.715067784,0.04836545,0.054852287,2.07958E-06,0.00025307,0.00026147,9.71932E-05
529,0.709778977,0.071175545,0.039253513,1.78802E-06,0.000393951,0.000138326,0.000115464
530,0.706841243,0.114142367,0.027303881,1.77848E-06,0.000616253,7.43901E-05,0.000121815
531,0.705960418,0.189090754,0.01987383,9.78612E-06,0.000712461,5.44208E-05,0.00011423
532,0.707491583,0.302026389,0.015838333,4.03587E-05,0.000588293,5.19813E-05,9.31509E-05
533,0.711200721,0.442550698,0.013604885,0.000109167,0.000360378,5.27125E-05,6.87595E-05
534,0.716724122,0.583553604,0.012012119,0.000202222,0.000205064,5.51821E-05,5.17798E-05
535,0.724979451,0.697702931,0.010672877,0.00023597,0.000147658,5.80538E-05,4.11978E-05
536,0.735705361,0.77283897,0.009072798,0.000177814,0.000133952,6.43985E-05,4.11932E-05
537,0.748703582,0.815550768,0.007260402,0.000109705,0.000113924,8.36092E-05,4.78629E-05
538,0.762791422,0.838966448,0.005522034,8.91258E-05,8.13663E-05,0.000139151,5.89907E-05
539,0.776621168,0.852719955,0.004093762,7.28492E-05,5.09074E-05,0.000258948,8.00489E-05
540,0.788158311,0.860887118,0.003071175,3.48861E-05,3.38855E-05,0.000434924,0.000105651
541,0.795160749,0.864921532,0.002404194,1.26476E-05,3.49808E-05,0.000625259,0.000138313
542,0.797519843,0.867912226,0.001988365,6.98383E-06,6.30796E-05,0.000784741,0.000188051
543,0.795956176,0.872647769,0.001715616,4.67966E-06,0.000146988,0.000839436,0.000250473
544,0.79078915,0.878571944,0.001509775,3.30286E-06,0.000306231,0.000711383,0.000325034
545,0.784549105,0.883924633,0.001330935,2.85295E-06,0.000489408,0.000437876,0.000428843
546,0.780104848,0.887149367,0.001171733,3.29627E-06,0.00059231,0.000196043,0.000560483
547,0.778938481,0.887881794,0.001038997,3.61756E-06,0.000584841,7.12906E-05,0.000676201
548,0.781782086,0.888757786,0.000940742,4.50737E-06,0.000538304,2.84479E-05,0.000722455
549,0.788417495,0.892255605,0.000883515,6.81853E-06,0.000532905,1.73738E-05,0.000682767
550,0.798071505,0.898099384,0.00086072,1.30481E-05,0.000545825,1.33151E-05,0.000592359
551,0.808958661,0.903018068,0.000860209,1.98242E-05,0.00050953,1.05549E-05,0.00049137
552,0.819728933,0.904871873,0.000862784,2.60904E-05,0.000411434,8.1275E-06,0.000486745
553,0.828918655,0.903748836,0.000839624,2.61194E-05,0.000300537,6.27412E-06,0.000656087
554,0.835519579,0.902458273,0.000788914,2.18361E-05,0.000220372,5.57545E-06,0.000968928
555,0.839422256,0.903554229,0.000720149,2.23291E-05,0.000182574,5.29618E-06,0.001510072
556,0.841331627,0.906943033,0.000650493,2.45564E-05,0.000176636,4.82581E-06,0.002514073
557,0.841960733,0.910248834,0.000600109,2.36435E-05,0.000196967,4.56988E-06,0.003808604
558,0.841683174,0.911116775,0.00057901,1.85212E-05,0.00024741,4.50699E-06,0.004719395
559,0.841415843,0.910688176,0.000584363,1.14484E-05,0.000338562,4.0167E-06,0.004919968
560,0.841825936,0.9124972,0.000613182,8.15945E-06,0.000468867,3.6181E-06,0.004556503
561,0.842684096,0.918950803,0.000653097,6.0344E-06,0.000590004,2.61462E-06,0.003711234
562,0.844271391,0.930834795,0.000676689,3.53532E-06,0.000632371,2.82184E-06,0.00264884
563,0.846699925,0.945745519,0.000666737,3.07408E-06,0.000575086,3.49698E-06,0.001789204
564,0.850051213,0.960432443,0.000628324,3.27983E-06,0.000460963,3.96977E-06,0.001285459
565,0.85443436,0.972492997,0.000578433,6.22735E-06,0.000357114,4.3043E-06,0.000964672
566,0.859305672,0.98029467,0.000531947,1.1562E-05,0.000283158,4.75529E-06,0.000774304
567,0.864339833,0.983638905,0.000500036,1.70723E-05,0.000220864,4.61755E-06,0.000836337
568,0.869583232,0.983729509,0.000481823,2.21625E-05,0.00016005,3.79563E-06,0.00108669
569,0.873890478,0.981358528,0.000468351,2.30313E-05,0.000103687,3.40509E-06,0.001323305
570,0.877289393,0.979361095,0.00045426,2.10733E-05,6.23225E-05,3.27343E-06,0.001818238
571,0.879203591,0.978916971,0.000434751,2.62058E-05,3.84661E-05,2.88767E-06,0.00320777
572,0.87965148,0.9791419,0.000414242,4.00525E-05,2.56546E-05,3.28439E-06,0.004982252
573,0.878914014,0.976919241,0.000395347,5.28871E-05,1.99373E-05,3.48426E-06,0.005710286
574,0.877791979,0.970215546,0.000379584,5.49492E-05,1.93197E-05,2.56751E-06,0.0055853
575,0.876596639,0.960367603,0.000374839,4.67848E-05,2.16182E-05,1.6837E-06,0.005308527
576,0.875886472,0.953629638,0.000378764,3.57613E-05,2.78086E-05,1.50831E-06,0.004166309
577,0.876032635,0.955580217,0.000390044,2.96475E-05,3.81101E-05,1.15873E-06,0.002248031
578,0.877606172,0.968072988,0.000405123,2.98124E-05,5.22611E-05,1.37868E-06,0.000722788
579,0.880380916,0.985502445,0.000413511,4.28799E-05,6.94355E-05,1.15284E-06,0.00014011
580,0.884120832,0.998009927,0.000407141,7.89882E-05,8.47588E-05,1.45708E-06,3.02991E-05
581,0.888198376,1,0.000388999,0.000154242,9.31106E-05,2.19274E-06,1.8044E-05
582,0.892487244,0.99355917,0.000366639,0.000260976,9.72081E-05,2.69154E-06,2.04316E-05
583,0.896762929,0.985080564,0.000346784,0.000356208,0.000103444,3.51122E-06,6.66732E-05
584,0.90027638,0.976934077,0.000332714,0.000393562,0.000112062,4.76619E-06,0.00022782
585,0.903401843,0.965842108,0.000326429,0.000358948,0.000115989,8.90926E-06,0.00049309
586,0.90597004,0.944433577,0.000325631,0.000309319,0.000110235,1.88377E-05,0.000775284
587,0.907693107,0.905331443,0.000329605,0.000291295,9.44882E-05,3.69381E-05,0.001175171
588,0.909052839,0.841029968,0.000341115,0.000288867,7.36207E-05,6.4928E-05,0.001890669
589,0.909902864,0.7416477,0.000358482,0.000266108,5.42294E-05,0.000100274,0.002582727
590,0.910625087,0.604502715,0.000378865,0.000232207,4.15372E-05,0.000136027,0.002778583
591,0.911173709,0.445525588,0.000395329,0.000206675,3.74257E-05,0.000166445,0.002650069
592,0.911792735,0.295599288,0.000405208,0.000190874,3.84466E-05,0.00017671,0.002641248
593,0.912524607,0.180711315,0.000410854,0.000179376,4.81131E-05,0.000153906,0.002731879
594,0.913686903,0.107260835,0.000417424,0.000184685,7.37327E-05,0.000108762,0.002650525
595,0.914991747,0.065234099,0.000435826,0.00022331,0.000128904,6.45501E-05,0.00232151
596,0.916612703,0.041592672,0.000469089,0.000308094,0.000230911,3.52622E-05,0.001888926
597,0.918895673,0.027425829,0.000504735,0.000459353,0.000387303,2.03814E-05,0.001360236
598,0.92145172,0.018586976,0.000520326,0.000676655,0.000581751,1.25974E-05,0.000769852
599,0.923696785,0.012829075,0.000504398,0.000943288,0.00078583,9.18369E-06,0.000327822
600,0.92556519,0.009058235,0.000466284,0.001246749,0.000975334,8.04258E-06,0.00012468
601,0.926843825,0.006840557,0.000421997,0.001594728,0.00110759,6.59584E-06,6.78742E-05
602,0.927427532,0.005439396,0.000384233,0.002058867,0.001094748,6.80162E-06,7.41772E-05
603,0.927268887,0.004698534,0.000365842,0.002763968,0.000886529,8.73356E-06,0.000111791
604,0.926464062,0.004199384,0.000372744,0.003845067,0.00056698,1.08375E-05,0.000159668
605,0.925399626,0.003900578,0.00042733,0.005500724,0.000290504,1.18926E-05,0.000220344
606,0.924409194,0.003771978,0.000562068,0.007795143,0.000128722,1.40363E-05,0.000322104
607,0.923948579,0.003573991,0.000731684,0.011211883,5.78997E-05,1.54465E-05,0.00045205
608,0.924420289,0.003135527,0.000819978,0.0168561,2.8812E-05,1.49281E-05,0.000523066
609,0.925813559,0.002489349,0.000784443,0.02464186,1.53163E-05,1.54029E-05,0.000500928
610,0.928355054,0.001802955,0.000670003,0.034292833,1.01636E-05,1.63611E-05,0.000442144
611,0.932036036,0.00124004,0.000543885,0.046852543,8.89957E-06,1.541E-05,0.000374841
612,0.936377175,0.000861104,0.000442116,0.062714497,7.4817E-06,1.43539E-05,0.000288846
613,0.941133949,0.000638475,0.00039301,0.081906902,5.65213E-06,1.25699E-05,0.000215301
614,0.945820163,0.0005109,0.0003887,0.104814922,4.62684E-06,1.08027E-05,0.000185948
615,0.949934205,0.00042727,0.000399369,0.133347504,4.14739E-06,9.76923E-06,0.000195339
616,0.95339455,0.000368183,0.000402338,0.1721809,2.8796E-06,9.25988E-06,0.000231509
617,0.9554697,0.000311043,0.000388546,0.229434417,2.23124E-06,9.07008E-06,0.000305718
618,0.956586872,0.000235275,0.000362249,0.316595691,3.18612E-06,9.47326E-06,0.000409823
619,0.956921186,0.000148842,0.000332031,0.442078487,3.26446E-06,1.11421E-05,0.000472652
620,0.95625755,8.81403E-05,0.000307044,0.598584544,3.71597E-06,1.5245E-05,0.000469445
621,0.954936677,4.66045E-05,0.000295813,0.755007319,4.06856E-06,2.23213E-05,0.000438728
622,0.953587613,3.44255E-05,0.000327013,0.868256923,3.86824E-06,3.5926E-05,0.000400699
623,0.952299122,4.64927E-05,0.000519536,0.912669195,3.31173E-06,6.24613E-05,0.000335747
624,0.950973782,5.78272E-05,0.000936756,0.900717535,3.12356E-06,0.000104707,0.000240761
625,0.950174902,6.62302E-05,0.001275283,0.862920212,3.15078E-06,0.000166507,0.000156703
626,0.949891362,6.97748E-05,0.001245835,0.82893057,3.90662E-06,0.000244344,0.000114009
627,0.950348773,7.23102E-05,0.001000168,0.814278515,4.23051E-06,0.000322104,0.000105256
628,0.951376022,7.55193E-05,0.000740498,0.817964259,4.63774E-06,0.000379961,0.000118112
629,0.952804979,7.68437E-05,0.00048643,0.834792445,4.13303E-06,0.000392776,0.000134883
630,0.954768255,7.56283E-05,0.000324628,0.8582513,4.05517E-06,0.000357464,0.000143521
631,0.957177758,7.62798E-05,0.0002608,0.882709747,3.23461E-06,0.000294193,0.000147945
632,0.959887574,7.61476E-05,0.000245595,0.905229459,3.32695E-06,0.000222366,0.000141586
633,0.962871843,7.32686E-05,0.00024313,0.925297793,4.24271E-06,0.000161009,0.000124542
634,0.966196733,6.94114E-05,0.000241753,0.943383591,3.91117E-06,0.000115274,0.000109634
635,0.969287998,6.74507E-05,0.000240382,0.959274283,3.40136E-06,8.29374E-05,0.000100468
636,0.971901989,6.28739E-05,0.000239169,0.972353992,2.5899E-06,6.16655E-05,0.000107409
637,0.973956861,5.50369E-05,0.000239049,0.981803619,1.96726E-06,4.59075E-05,0.000125645
638,0.975277482,4.89804E-05,0.00024509,0.986635808,2.83977E-06,3.52452E-05,0.000145199
639,0.975662753,4.76615E-05,0.000316281,0.986556149,3.10996E-06,3.00594E-05,0.000164762
640,0.975243267,5.13174E-05,0.000668757,0.983258754,3.23873E-06,2.69613E-05,0.000199012
641,0.974305435,6.12718E-05,0.00139541,0.978584836,3.77359E-06,2.48767E-05,0.000270442
642,0.973072669,7.21728E-05,0.001975959,0.974242405,4.64952E-06,2.43324E-05,0.00035603
643,0.971742025,8.03472E-05,0.001944822,0.971160521,4.80609E-06,2.50418E-05,0.000397029
644,0.970500319,8.52913E-05,0.001555282,0.968544391,3.81191E-06,2.81006E-05,0.000379183
645,0.969876546,8.70188E-05,0.00114381,0.965421738,3.72021E-06,3.39233E-05,0.000355518
646,0.970176952,8.44907E-05,0.000710817,0.960762327,3.98714E-06,4.09992E-05,0.000352159
647,0.970968827,7.83029E-05,0.000402119,0.954418921,4.37396E-06,4.87759E-05,0.000328426
648,0.972866678,7.31753E-05,0.000269974,0.948548622,4.95458E-06,6.22813E-05,0.000244197
649,0.97590749,7.16087E-05,0.00023605,0.945890443,5.68903E-06,8.37164E-05,0.00014296
650,0.979225626,7.66351E-05,0.000235642,0.947931832,6.02932E-06,0.000109627,7.2443E-05
651,0.982597519,8.75941E-05,0.000256216,0.954557683,6.28238E-06,0.00014521,4.67951E-05
652,0.985903618,9.90392E-05,0.000347166,0.964322915,6.75055E-06,0.000194967,5.7754E-05
653,0.988846044,0.000106676,0.000587654,0.973308853,6.98913E-06,0.000262012,8.30277E-05
654,0.99118016,0.000107153,0.000924583,0.976569356,6.06709E-06,0.000349009,0.000111263
655,0.992471987,0.000109408,0.00115694,0.971462286,6.97835E-06,0.000459049,0.000140948
656,0.992981452,0.000113282,0.001190858,0.958905152,7.46257E-06,0.000597124,0.000174381
657,0.992607667,0.000113354,0.001094182,0.941964503,5.95983E-06,0.000761909,0.000231612
658,0.991249762,0.000112969,0.00094259,0.926336547,4.81598E-06,0.000946319,0.000298473
659,0.989361203,0.000114186,0.000784169,0.917694062,4.91204E-06,0.001144095,0.000336767
660,0.987171105,0.00011239,0.000659214,0.919443446,5.89885E-06,0.001345391,0.000340712
661,0.984584536,0.000113047,0.000561418,0.930683351,5.40746E-06,0.001538293,0.000338609
662,0.981931542,0.000114338,0.000472247,0.948522057,5.33571E-06,0.00170934,0.000349029
663,0.979511218,0.000110605,0.00038426,0.967292407,6.76691E-06,0.001849507,0.000358293
664,0.977843449,0.000110438,0.000304798,0.981548268,6.82257E-06,0.001956948,0.000344056
665,0.976764213,0.000112353,0.000249967,0.987416945,5.68441E-06,0.002036893,0.000318453
666,0.976225828,0.00011422,0.000219597,0.985617465,5.75533E-06,0.00209977,0.000309316
667,0.976267926,0.000114677,0.000206301,0.979471256,5.68513E-06,0.002157975,0.000325709
668,0.976901501,0.000113804,0.000199867,0.974420109,5.0276E-06,0.002227363,0.000352718
669,0.978316492,0.000114788,0.000196213,0.974485848,5.17419E-06,0.002323502,0.000365084
670,0.980455319,0.000113754,0.000195417,0.981051641,5.21176E-06,0.002459365,0.000356821
671,0.983020415,0.000106809,0.000197245,0.991576365,4.86875E-06,0.002646056,0.000341925
672,0.985924966,9.9625E-05,0.000206506,1,4.55204E-06,0.002903868,0.000325164
673,0.988785679,9.99115E-05,0.000249459,0.999991287,4.1948E-06,0.00325316,0.000307759
674,0.991580049,0.000104599,0.00037535,0.987691023,4.00797E-06,0.003674105,0.000273263
675,0.994522273,0.000108986,0.000559004,0.962724226,4.3474E-06,0.004200682,0.000222954
676,0.996952793,0.000113862,0.000671912,0.928955352,4.80734E-06,0.004975833,0.000172947
677,0.998825445,0.000117641,0.000647191,0.892898781,4.58502E-06,0.005928393,0.000126732
678,1,0.000115966,0.000553378,0.860526592,4.36119E-06,0.006909327,9.46998E-05
679,0.999995773,0.000115917,0.000443811,0.835657827,4.29009E-06,0.00807439,7.2775E-05
680,0.999195888,0.000118742,0.000335076,0.821201159,3.56332E-06,0.009557188,5.24486E-05
681,0.997616527,0.000117609,0.000251383,0.818141737,3.53984E-06,0.011327946,3.81757E-05
682,0.995318885,0.000116762,0.000206537,0.827589875,3.39754E-06,0.013295454,2.3792E-05
683,0.992156005,0.000108513,0.000188866,0.851207853,4.02285E-06,0.015571405,1.14653E-05
684,0.98892593,8.59659E-05,0.000184891,0.887740973,4.17915E-06,0.018266892,5.46865E-06
685,0.985866587,6.72655E-05,0.000185919,0.927200651,3.88715E-06,0.021501706,1.68113E-06
686,0.98314216,6.83443E-05,0.000190015,0.943966161,4.265E-06,0.025478927,1.54339E-07
687,0.981014899,8.45507E-05,0.000199025,0.908561308,4.51192E-06,0.030497333,8.72447E-08
688,0.979715683,0.000104921,0.000211048,0.796924355,4.43874E-06,0.036984315,2.22109E-07
689,0.979290578,0.000118507,0.000223985,0.622829206,4.52419E-06,0.045655218,2.08782E-07
690,0.979982104,0.000122934,0.000232576,0.433853436,4.80822E-06,0.05762245,8.24901E-08
691,0.981339225,0.000124716,0.000233933,0.274852294,4.63078E-06,0.074548529,1.39247E-08
692,0.983373422,0.00012513,0.000229693,0.164869652,5.11514E-06,0.099115652,1.19282E-08
693,0.986072736,0.000127178,0.000221575,0.098078544,5.98204E-06,0.13553135,9.93287E-08
694,0.989149882,0.000128854,0.000213985,0.059628694,6.40309E-06,0.189809304,1.66577E-07
695,0.992227479,0.000128928,0.000211461,0.037602334,6.88137E-06,0.268677731,1.25242E-07
696,0.994947936,0.000129006,0.000216736,0.024752997,8.16459E-06,0.376121844,4.39407E-07
697,0.996971503,0.000129333,0.00024152,0.016977658,1.01624E-05,0.508151622,2.92602E-07
698,0.998311219,0.000129453,0.000285916,0.012081606,1.18036E-05,0.648074116,1.81112E-08
699,0.998440462,0.000130263,0.000332152,0.008899175,1.30701E-05,0.769935258,0
700,0.99781288,0.000131273,0.000353079,0.006798214,1.50628E-05,0.853445954,0
701,0.996275403,0.000131269,0.000340694,0.00538362,1.68471E-05,0.89485901,4.29116E-09
702,0.993668563,0.000126895,0.000310202,0.004393355,1.75917E-05,0.907046515,1.35346E-07
703,0.99030373,0.000118647,0.000271605,0.003808719,1.75566E-05,0.909152316,3.46943E-07
704,0.98654518,0.000114641,0.000230429,0.003680143,1.7584E-05,0.914525051,2.13146E-07
705,0.982505594,0.000119365,0.000193438,0.003390227,1.73344E-05,0.929001922,1.84237E-07
706,0.978249902,0.000125375,0.000171457,0.003313291,1.67851E-05,0.950760079,4.52868E-08
707,0.974353027,0.000128486,0.000160837,0.003648803,1.52776E-05,0.974113037,2.38644E-07
708,0.970892058,0.000130259,0.000155381,0.003528909,1.3563E-05,0.992194233,4.98077E-07
709,0.967796765,0.000131595,0.000151005,0.00331405,1.20614E-05,1,3.75234E-07
710,0.965521904,0.000130627,0.00014949,0.003227952,1.12493E-05,0.997412154,1.89724E-07
711,0.963740323,0.00013009,0.000151477,0.003264722,1.18658E-05,0.986231078,1.66449E-08
712,0.962402353,0.000129476,0.000164349,0.003418727,1.1712E-05,0.970866023,7.12823E-08
713,0.962082309,0.000129493,0.000193972,0.003677355,1.12631E-05,0.956903679,1.61906E-07
714,0.962590557,0.000130313,0.00024574,0.004000089,1.13754E-05,0.947652162,1.1295E-07
715,0.963707158,0.000130754,0.000303014,0.004312423,1.18257E-05,0.943971119,1.32304E-07
716,0.965040935,0.000133118,0.000334537,0.0045424,1.139E-05,0.944473823,5.91349E-08
717,0.967335656,0.000137064,0.00032991,0.00463081,1.17247E-05,0.948201773,1.68066E-08
718,0.970251788,0.000139712,0.000301705,0.004511783,1.34084E-05,0.952452597,9.39022E-08
719,0.972962077,0.000140183,0.000264359,0.004180124,1.52023E-05,0.954517397,1.05414E-06
720,0.975914362,0.000138165,0.00022186,0.003684903,1.71554E-05,0.954306311,4.81906E-06
721,0.978379766,0.000136399,0.000184038,0.003108723,2.1782E-05,0.951683451,1.05643E-05
722,0.980327124,0.000129577,0.000161443,0.002516133,2.85422E-05,0.948161776,1.45611E-05
723,0.982026335,0.000101004,0.000148203,0.001948927,3.78822E-05,0.945655169,1.72068E-05
724,0.983169956,7.09836E-05,0.000140894,0.001458724,5.11196E-05,0.945047568,1.93911E-05
725,0.98332125,6.07458E-05,0.000140799,0.001067798,6.97361E-05,0.946261273,2.46159E-05
726,0.982819624,5.64225E-05,0.000147657,0.00077855,9.3256E-05,0.949073475,3.66772E-05
727,0.981133848,8.2001E-05,0.000163388,0.000578915,0.000124519,0.951763975,5.00625E-05
728,0.978831505,0.000108372,0.000195094,0.000442549,0.000164244,0.953845096,6.20749E-05
729,0.975942478,0.000121326,0.000242888,0.000346927,0.000210318,0.954775705,6.67157E-05
730,0.972204755,0.000134025,0.000288571,0.000272097,0.00026018,0.954769251,6.87774E-05
731,0.968079329,0.000138464,0.000313263,0.000212253,0.000310141,0.955487651,6.69494E-05
732,0.963787468,0.000136574,0.000308069,0.000171093,0.000354019,0.958307299,6.38929E-05
733,0.959842514,0.000137337,0.000285508,0.000138848,0.000388014,0.964224925,6.7316E-05
734,0.956113866,0.000139594,0.000254734,0.000110694,0.000410605,0.972467036,7.70885E-05
735,0.953195625,0.000134137,0.000221155,8.97554E-05,0.000421976,0.981442891,8.86689E-05
736,0.950553494,0.000125541,0.000192269,7.08745E-05,0.00042695,0.987113121,8.41448E-05
737,0.948655291,0.000182378,0.000172151,5.79954E-05,0.000429708,0.987040806,6.53262E-05
738,0.947717275,0.000304514,0.000162216,4.87821E-05,0.000434397,0.979963242,4.77916E-05
739,0.948063533,0.000322701,0.000164955,3.93286E-05,0.000442864,0.967301733,3.17844E-05
740,0.949401893,0.000236752,0.000178253,3.0774E-05,0.000458424,0.953327229,1.83544E-05
741,0.951111618,0.000182947,0.000200902,2.49429E-05,0.000488029,0.943643983,1.36206E-05
742,0.953032424,0.000149746,0.000227829,2.13614E-05,0.00053846,0.942376905,1.08721E-05
743,0.955475682,0.000129258,0.000256858,1.83688E-05,0.000595963,0.950601834,8.0395E-06
744,0.957812612,0.000134465,0.000283286,1.73052E-05,0.000681191,0.960623552,5.22291E-06
745,0.960056017,0.000137683,0.000307441,1.47925E-05,0.000821607,0.957085563,3.55531E-06
746,0.961697702,0.000138119,0.000329937,1.21736E-05,0.001042124,0.920237653,3.53983E-06
747,0.96307567,0.00013617,0.000352467,1.1687E-05,0.001388227,0.837387726,2.44666E-06
748,0.963313564,0.000135992,0.000388478,1.06842E-05,0.00190561,0.714165608,2.73188E-06
749,0.962664942,0.000135357,0.000423041,1.30482E-05,0.002671345,0.573563682,3.87167E-06
750,0.961233697,0.000132582,0.000432201,1.52121E-05,0.003813151,0.441754226,3.73186E-06
751,0.958900874,0.000127793,0.000399499,1.81817E-05,0.005581036,0.334600377,3.39208E-06
752,0.955393283,0.000117213,0.000341789,2.27723E-05,0.008317468,0.255451263,3.53688E-06
753,0.951154097,9.44032E-05,0.000276975,2.42444E-05,0.012589325,0.200029946,5.00932E-06
754,0.946562583,8.43927E-05,0.000216603,3.11898E-05,0.019144786,0.161418634,6.5148E-06
755,0.941754236,0.000111907,0.000164004,4.19295E-05,0.028920875,0.133650632,6.95986E-06
756,0.936735821,0.000124526,0.000124691,5.06949E-05,0.042813584,0.112235138,7.45108E-06
757,0.932205214,0.000109494,9.90141E-05,5.75215E-05,0.061355154,0.094179712,7.08555E-06
758,0.928025505,0.000110432,8.19074E-05,6.35749E-05,0.084393701,0.077756415,9.17755E-06
759,0.924546102,0.000193181,7.1038E-05,7.01814E-05,0.110906692,0.062486757,1.20739E-05
760,0.921751273,0.000515273,6.56043E-05,7.27777E-05,0.139258313,0.048601136,1.39666E-05
761,0.919395065,0.001092214,6.25601E-05,7.1346E-05,0.167960579,0.03662591,1.4101E-05
762,0.917963055,0.001540358,6.1146E-05,6.88196E-05,0.196593194,0.026849153,1.38772E-05
763,0.917441403,0.001467734,6.05493E-05,6.54916E-05,0.226128862,0.019710685,1.50281E-05
764,0.917674654,0.001001813,5.62779E-05,6.67644E-05,0.258937537,0.015257195,1.54089E-05
765,0.918311606,0.000570924,5.27943E-05,6.80238E-05,0.298848379,0.011390299,1.69392E-05
766,0.91935039,0.000300698,5.09374E-05,7.25017E-05,0.35089517,0.008416509,1.99217E-05
767,0.920669713,0.000149638,4.95639E-05,8.25139E-05,0.420668431,0.006747921,2.02288E-05
768,0.921754191,0.000113006,4.69308E-05,9.91552E-05,0.511985053,0.005571909,1.97998E-05
769,0.923015037,0.000119435,4.44706E-05,0.000129013,0.62262995,0.004249221,1.96269E-05
770,0.923323632,0.000122211,4.45177E-05,0.000162664,0.737793899,0.003218982,1.89907E-05
771,0.923214522,0.000115678,4.24083E-05,0.000192627,0.832298798,0.00246976,1.6119E-05
772,0.921756133,0.000111152,3.94845E-05,0.000230084,0.877327306,0.00191771,1.39699E-05
773,0.920200954,0.000176889,3.56559E-05,0.000277434,0.867453243,0.00152239,1.24301E-05
774,0.917457764,0.000380231,3.56235E-05,0.00031375,0.811530342,0.001215502,1.18803E-05
775,0.913973756,0.000602355,3.42982E-05,0.000318412,0.734031108,0.0009497,1.13109E-05
776,0.909931693,0.000640561,3.35636E-05,0.0002857,0.660532672,0.000737018,9.42109E-06
777,0.90520373,0.000487231,3.27906E-05,0.000242114,0.604683004,0.000573124,8.9409E-06
778,0.899850761,0.000318002,3.16186E-05,0.000199888,0.571238481,0.000446978,1.00006E-05
779,0.89472878,0.000211512,3.27664E-05,0.000155731,0.560304752,0.000351053,1.12611E-05
780,0.890455928,0.000141828,3.51348E-05,0.000112664,0.569515768,0.000279697,1.34153E-05
781,0.885803288,0.000116893,3.56079E-05,7.91493E-05,0.597518266,0.000225108,1.52478E-05
782,0.881707303,0.000116056,3.69985E-05,5.87701E-05,0.642725739,0.000181985,1.56269E-05
783,0.878729306,0.000117105,3.8539E-05,4.97885E-05,0.70223791,0.000150408,2.03217E-05
784,0.876451854,0.000116989,4.0575E-05,4.94123E-05,0.770853495,0.000127066,2.48593E-05
785,0.87536491,0.000113619,3.95472E-05,5.71836E-05,0.841482564,0.000109268,2.55448E-05
786,0.875232543,0.000108666,3.70646E-05,6.82099E-05,0.905311482,9.44696E-05,2.89584E-05
787,0.876526688,0.000107008,3.60493E-05,7.71939E-05,0.955278973,8.30893E-05,3.31377E-05
788,0.878050934,0.000110944,3.67804E-05,8.61162E-05,0.986247699,7.52273E-05,3.62188E-05
789,0.88006458,0.000115533,3.72474E-05,8.92707E-05,0.99939232,6.74319E-05,4.03108E-05
790,0.882466231,0.000120847,3.41704E-05,8.86535E-05,1,6.10581E-05,4.26318E-05
791,0.884272029,0.000129418,3.31158E-05,7.98711E-05,0.993620882,5.70558E-05,4.64905E-05
792,0.885462336,0.000137516,3.70016E-05,6.17633E-05,0.986132157,5.78028E-05,6.51675E-05
793,0.885266336,0.000144373,6.21814E-05,5.30228E-05,0.981292615,6.37386E-05,8.26588E-05
794,0.88394578,0.000180331,0.000108416,6.65828E-05,0.980523982,6.7538E-05,8.81424E-05
795,0.881166843,0.000209792,0.000174678,7.97113E-05,0.983368804,6.54437E-05,0.000104348
796,0.876382993,0.000206163,0.000247782,0.000114756,0.98764312,6.4162E-05,0.000137663
797,0.869717112,0.000211252,0.000321161,0.000184506,0.990928418,6.2285E-05,0.000184632
798,0.861536576,0.000264211,0.00036696,0.000188391,0.991417026,5.86438E-05,0.000243022
799,0.851344762,0.000337009,0.000419392,0.00020461,0.987609632,5.37883E-05,0.000289256
800,0.841175051,0.000327581,0.000475518,0.000282799,0.982347972,5.33328E-05,0.000320557
801,0.830646535,0.000285244,0.000510575,0.000367412,0.974773317,5.20803E-05,0.00032493
802,0.820471934,0.00030115,0.000531056,0.000406066,0.966094647,4.8247E-05,0.000338682
803,0.812396777,0.000313995,0.000540018,0.000386961,0.95955327,4.33575E-05,0.000365132
804,0.80588965,0.000290489,0.000526592,0.000378997,0.954959862,3.98195E-05,0.000379534
805,0.802332548,0.000264834,0.000530161,0.000403789,0.953217304,3.91427E-05,0.000380697
806,0.801972472,0.000249983,0.000522333,0.000390625,0.953659358,3.956E-05,0.000402166
807,0.804729094,0.000227219,0.00052117,0.000394001,0.955373758,3.98169E-05,0.000444166
808,0.810875539,0.000227898,0.000517971,0.000408124,0.958075614,4.19471E-05,0.000470046
809,0.818491699,0.00023316,0.000507151,0.000407285,0.959121749,3.91944E-05,0.00048516
810,0.825580563,0.000209457,0.000502455,0.000404684,0.957073052,3.85838E-05,0.000535506
811,0.829813064,0.000212487,0.000509384,0.000393483,0.952235091,3.96927E-05,0.000596024
812,0.827369612,0.000234247,0.000506121,0.000398811,0.944101829,3.63196E-05,0.000607821
813,0.814163938,0.000238418,0.00049721,0.000424095,0.933416726,3.39713E-05,0.000600013
814,0.785973416,0.000219856,0.000477545,0.000431316,0.921452845,3.63493E-05,0.000597851
815,0.740996614,0.000241064,0.000458581,0.000433581,0.909919629,3.68232E-05,0.000593573
816,0.679475051,0.00022868,0.000457238,0.000459472,0.899735476,3.50878E-05,0.000583791
817,0.605349126,0.000211202,0.000459677,0.000502648,0.892215482,3.78244E-05,0.000584578
818,0.524096766,0.000216055,0.00046111,0.000535088,0.887606053,3.95299E-05,0.000580576
819,0.442192162,0.000236862,0.000457341,0.000589087,0.885849387,3.70444E-05,0.000578785
820,0.365679018,0.000243594,0.000442943,0.000662335,0.887037815,3.52702E-05,0.000586108
821,0.297790859,0.000253582,0.00041484,0.000737876,0.889671122,3.45481E-05,0.000576417
822,0.24003574,0.000252781,0.000390305,0.000821295,0.892638658,3.5235E-05,0.000573129
823,0.192700964,0.000232353,0.000392197,0.000901839,0.895143083,3.33932E-05,0.000578621
824,0.154710676,0.000235964,0.000403249,0.000981118,0.895972765,3.20508E-05,0.000570717
825,0.124639717,0.000266919,0.000394412,0.001048531,0.895513901,3.52428E-05,0.000562053
826,0.100942628,0.000281456,0.000371558,0.001109056,0.893437968,3.40138E-05,0.000555845
827,0.082274077,0.000242303,0.000369336,0.001183734,0.889347882,2.99723E-05,0.00055729
828,0.067588289,0.000228255,0.000357283,0.001244319,0.884626673,3.10286E-05,0.000564987
829,0.055920746,0.000227804,0.000348933,0.001273732,0.879463787,3.21463E-05,0.000560265
830,0.046677232,0.000230178,0.000336884,0.001258788,0.875230057,3.13973E-05,0.000544649
831,0.039263621,0.000217036,0.0003249,0.001217117,0.871954731,3.09596E-05,0.000544515
832,0.033263592,0.000185412,0.000308834,0.001212426,0.869966773,3.05075E-05,0.000552181
833,0.028398962,0.00019016,0.000285553,0.001184062,0.869026923,3.04378E-05,0.00054436
834,0.024431123,0.000225965,0.00027939,0.001106428,0.869328456,3.20924E-05,0.000538719
835,0.02114243,0.000222595,0.000275161,0.001044829,0.869500514,3.26093E-05,0.000541735
836,0.018423676,0.000204327,0.000261804,0.000984008,0.869358427,3.10802E-05,0.000542163
837,0.016165435,0.000214298,0.000239343,0.000881696,0.868378298,3.03062E-05,0.000529183
838,0.01426838,0.000231668,0.000223884,0.000758699,0.865753353,3.15965E-05,0.000526856
839,0.012662906,0.000217981,0.000213627,0.000680183,0.861313163,3.50644E-05,0.000529529
840,0.011298132,0.000192431,0.000211734,0.000634633,0.855520976,3.5854E-05,0.000529177
841,0.010127406,0.000189641,0.000201928,0.000567567,0.848252394,3.40063E-05,0.000519438
842,0.00912448,0.000200908,0.000183951,0.000485096,0.840495128,3.21433E-05,0.000513572
843,0.008253914,0.000199763,0.000167875,0.000448148,0.83268042,3.29391E-05,0.000519767
844,0.007498549,0.000211066,0.000150142,0.000420756,0.825037155,3.39076E-05,0.000524362
845,0.006837148,0.000206129,0.000136804,0.000369006,0.818263636,3.48092E-05,0.000526347
846,0.006257982,0.000193657,0.000129167,0.000352663,0.812972774,3.61003E-05,0.000519351
847,0.005747677,0.000191658,0.000126601,0.000359684,0.809342905,3.57863E-05,0.000514
848,0.005290836,0.000191473,0.000120768,0.000330695,0.806752751,3.61842E-05,0.000511626
849,0.00488422,0.000200372,0.000107251,0.000325556,0.804334505,3.48454E-05,0.000517386
850,0.004525869,0.000203656,9.70307E-05,0.000325121,0.804195855,3.27169E-05,0.000517088
851,0.004192618,0.00020894,9.07822E-05,0.0003188,0.803248744,3.2768E-05,0.000512922
852,0.00389551,0.000207576,8.12784E-05,0.000326683,0.802820527,3.2204E-05,0.000511899
853,0.003621611,0.000194585,7.6728E-05,0.00033153,0.80213428,3.21027E-05,0.000508682
854,0.003374026,0.000196894,6.5387E-05,0.000324984,0.801656197,3.17086E-05,0.000506488
855,0.003144077,0.000205004,5.62815E-05,0.000311509,0.800050737,3.09102E-05,0.000510136
856,0.002928914,0.000211854,5.40834E-05,0.000291127,0.797782286,2.99208E-05,0.000506763
857,0.002730722,0.000218243,5.42093E-05,0.000292786,0.794868277,3.07383E-05,0.000506423
858,0.002547318,0.000224258,5.026E-05,0.000321297,0.791129843,3.364E-05,0.000503536
859,0.002372004,0.000233497,4.39309E-05,0.000313962,0.786529182,3.42043E-05,0.000498392
860,0.002206982,0.000249767,4.10583E-05,0.000301011,0.780827165,3.33641E-05,0.000500258
861,0.002052952,0.000266898,3.87969E-05,0.000333114,0.77459655,3.28017E-05,0.000505687
862,0.001906351,0.000285307,3.95429E-05,0.000347281,0.767900213,3.21356E-05,0.000503094
863,0.001770122,0.000285649,4.29651E-05,0.000344608,0.761143845,3.24624E-05,0.000493256
864,0.001636916,0.000281357,4.09326E-05,0.000398992,0.754451532,3.09688E-05,0.000489745
865,0.001509844,0.000302064,3.5857E-05,0.000493296,0.748336841,2.80439E-05,0.000495763
866,0.001395254,0.000338342,4.14002E-05,0.000601767,0.743071269,2.95616E-05,0.000493085
867,0.001288777,0.000375875,4.9281E-05,0.000761722,0.739296162,3.23189E-05,0.000491955
868,0.001186976,0.000396709,5.14181E-05,0.000955017,0.736167013,3.11001E-05,0.000490197
869,0.001089414,0.000387066,5.46244E-05,0.001172991,0.73359666,2.96572E-05,0.000487498
870,0.001001596,0.000390206,6.1065E-05,0.001429436,0.731925213,3.02772E-05,0.000477441
871,0.000919513,0.000393643,6.65004E-05,0.001719686,0.729342361,3.0502E-05,0.00046111
872,0.000843903,0.000377718,7.23235E-05,0.001966679,0.725994073,3.00548E-05,0.000464313
873,0.000774189,0.000375528,7.86408E-05,0.002141208,0.720665851,2.98461E-05,0.000471954
874,0.000709029,0.000361966,8.44942E-05,0.002317814,0.711816937,2.97672E-05,0.000460081
875,0.000648131,0.00034514,9.34875E-05,0.002545636,0.700402324,2.88902E-05,0.000451847
876,0.00059187,0.000331925,0.000102362,0.002747914,0.685513632,2.83728E-05,0.000457052
877,0.000543438,0.000308599,0.000111054,0.002814934,0.669265722,2.79043E-05,0.000463036
878,0.000498235,0.000273584,0.00012168,0.002801242,0.651520273,2.76916E-05,0.000461232
879,0.000456746,0.000248418,0.000128282,0.002773014,0.634610291,2.73391E-05,0.000446523
880,0.000419467,0.00024446,0.000132485,0.002700676,0.619113842,2.78925E-05,0.00044251
881,0.000385564,0.000230334,0.000137894,0.002604537,0.606499565,2.8091E-05,0.000448081
882,0.000356135,0.000222443,0.000145872,0.002449368,0.596769769,2.60755E-05,0.000445453
883,0.000327826,0.000207958,0.000151945,0.002209878,0.589312731,2.64024E-05,0.000432422
884,0.000301533,0.000204128,0.000157656,0.001928141,0.582598874,2.76579E-05,0.000426727
885,0.000277856,0.000213364,0.000161058,0.001673525,0.572687329,2.67309E-05,0.000434345
886,0.000258224,0.000215227,0.000162261,0.001431116,0.555561946,2.73977E-05,0.000431072
887,0.000239582,0.000219189,0.000164819,0.001186047,0.526769629,2.88211E-05,0.000422666
888,0.000221438,0.000220065,0.000167191,0.000987801,0.484422707,2.82178E-05,0.00042328
889,0.00020632,0.000202699,0.00016771,0.000850819,0.429532516,2.61603E-05,0.000423137
890,0.000192375,0.000199338,0.000165595,0.000774654,0.366731097,2.52604E-05,0.000422066
891,0.0001803,0.000203728,0.000162711,0.000739725,0.302466802,2.49664E-05,0.000416531
892,0.000170209,0.000208953,0.000162581,0.000724813,0.242296518,2.36765E-05,0.000410945
893,0.000160009,0.000201056,0.000162397,0.000722597,0.190614795,2.41369E-05,0.000407078
894,0.000149623,0.000183878,0.000162462,0.000728118,0.14882092,2.60857E-05,0.000405118
895,0.00013986,0.000179043,0.000158671,0.000740578,0.116341594,2.61067E-05,0.000400939
896,0.000131691,0.000187501,0.000151107,0.000755612,0.091610624,2.44213E-05,0.000396148
897,0.000124506,0.000188896,0.000146791,0.00075428,0.073109836,2.29532E-05,0.000392825
898,0.000117676,0.00018428,0.00014744,0.000739505,0.059231979,2.36199E-05,0.000394428
899,0.000111423,0.000174895,0.000148896,0.000742029,0.048720819,2.41583E-05,0.000391776
900,0.00010611,0.000175929,0.000149575,0.000719329,0.040779509,2.40589E-05,0.00038961
901,0.000101037,0.000188482,0.000147522,0.000685657,0.034689283,2.47278E-05,0.000390402
902,9.61539E-05,0.000191046,0.000143047,0.000649772,0.029969981,2.57551E-05,0.000384315
903,9.22253E-05,0.000176295,0.000139026,0.000596574,0.026253439,2.464E-05,0.000378723
904,8.81916E-05,0.000170424,0.000140827,0.000530726,0.023275241,2.32916E-05,0.000377309
905,8.41063E-05,0.000180694,0.000146584,0.000459995,0.020839379,2.25942E-05,0.000377903
906,8.04182E-05,0.000194673,0.000151231,0.000427717,0.018786959,2.31238E-05,0.000377135
907,7.73039E-05,0.000213765,0.000154788,0.000405981,0.016998319,2.34135E-05,0.000367136
908,7.47767E-05,0.000209256,0.000160887,0.000374791,0.015378673,2.29911E-05,0.000357651
909,7.23069E-05,0.000211799,0.000169443,0.000347838,0.013853742,2.14943E-05,0.0003574
910,6.98186E-05,0.000228742,0.000181956,0.000354754,0.012374755,2.09424E-05,0.000356983
911,6.79994E-05,0.000250338,0.000200725,0.000368419,0.010927666,2.00831E-05,0.000354831
912,6.64755E-05,0.000288425,0.000224381,0.000363602,0.009526729,2.12216E-05,0.000348543
913,6.49394E-05,0.000316766,0.000255845,0.000364291,0.008188472,2.12357E-05,0.000345824
914,6.32748E-05,0.000372238,0.00029768,0.000376967,0.006928649,1.99635E-05,0.000348073
915,6.18981E-05,0.000446949,0.000350112,0.000401702,0.005796959,1.90589E-05,0.000345313
916,6.06733E-05,0.000531374,0.000418187,0.000457444,0.004784257,1.86377E-05,0.00033804
917,5.93302E-05,0.000654683,0.000505248,0.000535455,0.003899223,1.72698E-05,0.000332884
918,5.81151E-05,0.000793855,0.000611818,0.000647503,0.003218478,1.69255E-05,0.000330739
919,5.67288E-05,0.0009684,0.000740078,0.000825003,0.002673419,1.81984E-05,0.000329504
920,5.57413E-05,0.001172579,0.000887406,0.001084247,0.002245813,1.96523E-05,0.000325757
921,5.47954E-05,0.001402667,0.001054779,0.00141324,0.00191247,1.91704E-05,0.000321786
922,5.39151E-05,0.00163893,0.001239682,0.001804228,0.00163151,1.92065E-05,0.000317986
923,5.30162E-05,0.001865747,0.001438805,0.002211218,0.001385701,1.85531E-05,0.000316824
924,5.19674E-05,0.00208134,0.001649,0.002622629,0.00117187,1.87192E-05,0.000313373
925,5.01125E-05,0.002285729,0.001865146,0.003051497,0.000999126,1.99182E-05,0.000310259
926,4.84549E-05,0.002493764,0.002083954,0.003549377,0.000859159,1.95452E-05,0.000308098
927,4.67804E-05,0.002668359,0.002302392,0.004102497,0.000744338,1.83206E-05,0.000301483
928,4.42941E-05,0.002799563,0.002516236,0.004708267,0.000648012,1.79534E-05,0.000298704
929,4.16038E-05,0.002866298,0.002729062,0.005348569,0.000567274,1.81889E-05,0.000295296
930,3.90888E-05,0.002852503,0.002938258,0.005904656,0.000501697,1.82581E-05,0.000294648
931,3.63101E-05,0.002775676,0.003143111,0.006316364,0.000445653,1.90428E-05,0.000294349
932,3.31442E-05,0.002643291,0.003341073,0.006608474,0.00039348,1.91945E-05,0.000290395
933,2.97774E-05,0.002472586,0.00353186,0.006858762,0.000350255,1.84175E-05,0.000283638
934,2.6651E-05,0.002268102,0.003711552,0.00716463,0.000312303,1.77398E-05,0.000282643
935,2.40321E-05,0.002049586,0.003871368,0.007564268,0.00027773,1.6687E-05,0.000281527
936,2.14919E-05,0.001842753,0.004019032,0.007950189,0.00024822,1.47151E-05,0.000279309
937,1.90733E-05,0.001647049,0.004150258,0.008188285,0.000220544,1.48505E-05,0.000274866
938,1.67226E-05,0.001487605,0.004250555,0.008204666,0.000197238,1.66159E-05,0.000271083
939,1.47149E-05,0.001376757,0.004334538,0.007987626,0.000177666,1.54598E-05,0.00027075
940,1.29141E-05,0.001291087,0.004373231,0.007586766,0.000160305,1.46371E-05,0.000271417
941,1.10697E-05,0.001223674,0.00438573,0.00708007,0.000145377,1.60505E-05,0.000269203
942,9.40694E-06,0.001174646,0.00435405,0.006551749,0.00012974,1.69915E-05,0.000263501
943,8.33403E-06,0.001156886,0.004278696,0.006070201,0.000118205,1.72224E-05,0.000259731
944,7.48773E-06,0.001161427,0.004132056,0.005603301,0.000109325,1.64841E-05,0.000262019
945,6.5802E-06,0.001170384,0.003944413,0.005139727,0.000102044,1.59626E-05,0.000259605
946,5.85479E-06,0.001185055,0.00373165,0.004665316,9.55157E-05,1.62001E-05,0.0002537
947,5.14683E-06,0.001204132,0.003498404,0.004170089,9.03703E-05,1.62406E-05,0.000251128
948,4.57539E-06,0.001227079,0.0032138,0.003653591,8.46627E-05,1.61994E-05,0.000254064
949,4.11534E-06,0.001255634,0.00296187,0.003124912,8.05701E-05,1.64178E-05,0.000255775
950,3.64069E-06,0.001275736,0.002700162,0.002617715,7.82487E-05,1.60854E-05,0.00025282
951,3.25463E-06,0.001284877,0.002364117,0.002157929,7.5476E-05,1.53318E-05,0.000249862
952,3.12972E-06,0.001282914,0.002075605,0.001762059,7.33666E-05,1.55652E-05,0.000246568
953,2.94246E-06,0.001261189,0.001778791,0.001435371,7.17378E-05,1.46841E-05,0.000244145
954,2.72634E-06,0.001218123,0.001519234,0.001160762,7.01128E-05,1.35523E-05,0.000245278
955,2.72271E-06,0.001166747,0.001313843,0.000930945,6.91865E-05,1.342E-05,0.000242062
956,2.69897E-06,0.001106062,0.001147533,0.000743229,6.88697E-05,1.39062E-05,0.000234296
957,2.56852E-06,0.001020042,0.000996056,0.000614251,6.72022E-05,1.33475E-05,0.000230364
958,2.44584E-06,0.000930449,0.000834063,0.000507028,6.63122E-05,1.31694E-05,0.000229201
959,2.33403E-06,0.000838491,0.000679987,0.000420701,6.5995E-05,1.40919E-05,0.000228169
960,2.23342E-06,0.00074971,0.000568983,0.000352117,6.53683E-05,1.40036E-05,0.000230448
961,2.19612E-06,0.000672933,0.000480986,0.000305535,6.28866E-05,1.35299E-05,0.000230799
962,2.16135E-06,0.000596555,0.00040546,0.000267898,6.36015E-05,1.28021E-05,0.000227756
963,2.15814E-06,0.00052165,0.000341263,0.000235056,6.40543E-05,1.28566E-05,0.000224854
964,2.13418E-06,0.000456268,0.000288149,0.000219364,6.251E-05,1.26468E-05,0.000222776
965,2.10945E-06,0.000415163,0.000242941,0.000206719,6.28343E-05,1.27389E-05,0.000221848
966,2.08699E-06,0.000382985,0.00020558,0.000189393,6.26441E-05,1.24726E-05,0.000220791
967,2.06191E-06,0.000340224,0.000174772,0.000177299,6.13619E-05,1.24434E-05,0.000219437
968,2.01658E-06,0.000296995,0.000148456,0.000177617,6.12073E-05,1.34093E-05,0.00021668
969,1.93746E-06,0.000264348,0.000127258,0.000176792,6.0467E-05,1.33364E-05,0.000214417
970,1.926E-06,0.000237156,0.000109259,0.000163633,5.83155E-05,1.29959E-05,0.000213894
971,1.94172E-06,0.000212174,9.38484E-05,0.000165492,5.84349E-05,1.3151E-05,0.000211329
972,1.94107E-06,0.000198822,8.1234E-05,0.00016752,5.71928E-05,1.32153E-05,0.000212361
973,1.92377E-06,0.00017614,7.03727E-05,0.000165056,5.6736E-05,1.25434E-05,0.000212307
974,1.91063E-06,0.000155057,6.14517E-05,0.00016286,5.69868E-05,1.26063E-05,0.000209182
975,1.94967E-06,0.000148673,5.35413E-05,0.000156067,5.63058E-05,1.25431E-05,0.000206555
976,1.97549E-06,0.000138308,4.64462E-05,0.000148624,5.43623E-05,1.37489E-05,0.000209196
977,2.02011E-06,0.000138265,4.07682E-05,0.000140745,5.39789E-05,1.37305E-05,0.000211779
978,2.01878E-06,0.000132367,3.55267E-05,0.000139708,5.42521E-05,1.35035E-05,0.000209933
979,1.93987E-06,0.000124672,3.0979E-05,0.00014284,5.45415E-05,1.34602E-05,0.000208799
980,1.90612E-06,0.000116516,2.7046E-05,0.000145243,5.5365E-05,1.46563E-05,0.000209812
981,1.95184E-06,0.000110437,2.3713E-05,0.000142891,5.6365E-05,1.61683E-05,0.00021322
982,1.98103E-06,0.000105653,2.1085E-05,0.000132579,5.62056E-05,2.00002E-05,0.000218373
983,1.96045E-06,0.000103049,1.90127E-05,0.000135916,5.59251E-05,2.70336E-05,0.000233395
984,1.91278E-06,9.99656E-05,1.69705E-05,0.000142601,5.46199E-05,3.98657E-05,0.000258225
985,1.86325E-06,9.82387E-05,1.54213E-05,0.000151837,5.41913E-05,5.7778E-05,0.00028161
986,1.89671E-06,9.048E-05,1.38221E-05,0.000149136,5.56984E-05,7.58229E-05,0.000299879
987,1.92661E-06,8.76317E-05,1.21157E-05,0.000120719,5.43643E-05,8.94462E-05,0.000310259
988,1.93044E-06,8.85044E-05,1.15577E-05,0.00011371,5.40658E-05,9.2407E-05,0.000318324
989,1.98893E-06,8.16051E-05,1.108E-05,0.000129359,5.39254E-05,8.64696E-05,0.000321218
990,1.97555E-06,8.06404E-05,1.02376E-05,0.000150518,5.44214E-05,7.45466E-05,0.000321273
991,1.94206E-06,8.87566E-05,9.62943E-06,0.000152687,5.3934E-05,6.50146E-05,0.000322037
992,1.99429E-06,8.15364E-05,8.97295E-06,0.00013277,5.41577E-05,6.69251E-05,0.000328853
993,2.04577E-06,7.83652E-05,8.51303E-06,0.000120323,5.54593E-05,8.63435E-05,0.000359163
994,2.05616E-06,8.16489E-05,8.2432E-06,0.000129655,5.50245E-05,0.00012618,0.000429645
995,2.08143E-06,9.25656E-05,8.33197E-06,0.000148286,5.46977E-05,0.00017643,0.000523276
996,2.03673E-06,0.000101044,8.54023E-06,0.000151949,5.51606E-05,0.000214473,0.000600656
997,2.106E-06,9.74119E-05,7.95776E-06,0.000133639,5.43187E-05,0.000225093,0.000632172
998,2.16059E-06,9.01288E-05,7.66597E-06,0.000120258,5.3848E-05,0.000209361,0.000595472
999,2.21078E-06,8.42408E-05,7.85304E-06,0.000134327,5.45938E-05,0.000183203,0.000520958
1000,2.21551E-06,8.43128E-05,8.11966E-06,0.000147061,5.37991E-05,0.000161562,0.000465431
1001,2.17933E-06,8.50834E-05,8.03076E-06,0.000141673,5.43768E-05,0.000145625,0.000456352
1002,2.18959E-06,8.22535E-05,7.99569E-06,0.000137447,5.40264E-05,0.000132231,0.00049256
1003,2.2554E-06,8.65487E-05,8.17015E-06,0.000142435,5.32426E-05,0.000115494,0.000539509
1004,2.28663E-06,8.65297E-05,8.06389E-06,0.000148112,5.39386E-05,9.69594E-05,0.000566366
1005,2.25394E-06,7.40346E-05,8.08125E-06,0.000156201,5.50071E-05,8.3113E-05,0.000560312
1006,2.3315E-06,7.68877E-05,8.14223E-06,0.000157574,5.43479E-05,7.33969E-05,0.000529583
1007,2.45409E-06,8.12662E-05,8.45272E-06,0.000135372,5.49292E-05,6.69088E-05,0.000488696
1008,2.47684E-06,7.77641E-05,8.61116E-06,0.000129206,5.44806E-05,6.60806E-05,0.000443976
1009,2.47197E-06,6.77916E-05,8.44724E-06,0.000132388,5.44634E-05,7.0919E-05,0.000407577
1010,2.48734E-06,6.68878E-05,8.45426E-06,0.000134985,5.49309E-05,8.04232E-05,0.000384451
1011,2.52072E-06,7.55892E-05,8.99759E-06,0.000137258,5.47933E-05,9.46695E-05,0.000376875
1012,2.56506E-06,7.96128E-05,8.89547E-06,0.000137087,5.39597E-05,0.000114916,0.000387445
1013,2.6194E-06,8.27238E-05,8.88393E-06,0.000138676,5.37215E-05,0.00014113,0.000410675
1014,2.67678E-06,8.27997E-05,8.93079E-06,0.00012909,5.32472E-05,0.000173809,0.000447133
1015,2.69787E-06,7.55319E-05,8.77192E-06,0.000125423,5.42151E-05,0.000211137,0.000494058
1016,2.73477E-06,7.38108E-05,8.88122E-06,0.000139256,5.46514E-05,0.000246022,0.000544672
1017,2.82459E-06,7.56457E-05,9.32386E-06,0.000148018,5.5053E-05,0.000277261,0.000600215
1018,2.82041E-06,7.45481E-05,9.34387E-06,0.00015025,5.6322E-05,0.000300617,0.000656987
1019,2.891E-06,7.45381E-05,9.48492E-06,0.000132073,5.59343E-05,0.000315279,0.000713969
1020,2.93086E-06,7.43507E-05,9.81339E-06,0.000117887,5.52716E-05,0.000327786,0.000770555
1021,2.9545E-06,7.53866E-05,9.43929E-06,0.00011869,5.54907E-05,0.000343813,0.000826649
1022,3.00043E-06,8.33253E-05,9.29E-06,0.000137842,5.60808E-05,0.00037275,0.000881815
1023,3.04522E-06,8.4076E-05,9.56028E-06,0.000139257,5.71302E-05,0.000416256,0.0009513
1024,3.00778E-06,7.66315E-05,9.15983E-06,0.000139167,5.73054E-05,0.00047506,0.001044446
1025,2.98891E-06,7.69236E-05,9.54245E-06,0.000129064,5.71882E-05,0.000542749,0.00115959
1026,2.96461E-06,7.62451E-05,1.06079E-05,0.000130591,5.78579E-05,0.000610449,0.001291971
1027,2.8969E-06,8.10348E-05,1.03834E-05,0.000138587,5.72538E-05,0.000665787,0.001433805
1028,2.75868E-06,8.05353E-05,1.00076E-05,0.000148092,5.69565E-05,0.00069659,0.001560546
1029,2.62033E-06,7.62261E-05,1.01022E-05,0.000144586,5.76696E-05,0.000702773,0.001647277
1030,2.48898E-06,7.04345E-05,9.83523E-06,0.000130442,5.55802E-05,0.00069201,0.001675782
1031,2.32767E-06,6.43928E-05,9.87734E-06,0.000129834,5.53873E-05,0.000668934,0.001661094
1032,2.16659E-06,6.75824E-05,1.01025E-05,0.000140106,5.81133E-05,0.000639473,0.001633434
1033,2.07299E-06,7.47597E-05,1.06471E-05,0.000145171,5.71697E-05,0.00060552,0.001620208
1034,2.02727E-06,8.35878E-05,1.12751E-05,0.000148338,5.73508E-05,0.000564241,0.001628851
1035,1.9379E-06,8.41414E-05,1.0731E-05,0.000148427,5.83323E-05,0.000516947,0.001642922
1036,1.93914E-06,7.34263E-05,1.0254E-05,0.000132078,5.87054E-05,0.000469383,0.001648024
1037,1.99893E-06,7.56198E-05,1.10039E-05,0.000129634,5.78096E-05,0.000425592,0.00162787
1038,1.93688E-06,7.51888E-05,1.15094E-05,0.000133199,5.76237E-05,0.00038756,0.001578878
1039,1.92706E-06,7.94494E-05,1.11988E-05,0.000143994,5.75253E-05,0.000355195,0.001502805
1040,1.94074E-06,8.5012E-05,1.10382E-05,0.000147003,5.72239E-05,0.000330545,0.001414434
1041,1.93638E-06,8.86874E-05,1.0973E-05,0.000138476,5.82474E-05,0.00031541,0.001322001
1042,1.9075E-06,9.0392E-05,1.13979E-05,0.000133018,5.85443E-05,0.000306879,0.001236236
1043,1.90593E-06,8.69284E-05,1.17887E-05,0.000141868,5.91548E-05,0.000304996,0.001162084
1044,1.95734E-06,7.98471E-05,1.15162E-05,0.000149271,5.90979E-05,0.000309699,0.001110548
1045,1.96402E-06,8.001E-05,1.11727E-05,0.000143075,5.92681E-05,0.000320602,0.001086215
1046,1.87675E-06,7.78357E-05,1.12832E-05,0.000132264,5.881E-05,0.000339513,0.001078173
1047,1.80745E-06,7.46416E-05,1.11854E-05,0.000142468,5.8014E-05,0.000366739,0.001091714
1048,1.90355E-06,7.43314E-05,1.07265E-05,0.000141716,5.81456E-05,0.000401719,0.00112692
1049,1.97021E-06,7.33307E-05,1.07187E-05,0.000135886,5.72721E-05,0.000449161,0.001185329
1050,1.8043E-06,7.51664E-05,1.07888E-05,0.000134502,5.84141E-05,0.000510376,0.001270726
1051,1.43424E-06,7.73443E-05,1.0524E-05,0.00013627,5.79311E-05,0.000587758,0.00138655
1052,7.72007E-07,6.9144E-05,1.06151E-05,0.000134037,5.69821E-05,0.000684551,0.00153806
1053,5.46565E-07,5.89542E-05,1.06321E-05,0.000135098,5.91643E-05,0.000793741,0.001723684
1054,6.81937E-07,6.6156E-05,1.0287E-05,0.000133998,6.0639E-05,0.00091209,0.00193602
1055,6.92768E-07,7.13335E-05,9.81108E-06,0.000139672,5.87773E-05,0.001033448,0.002173218
1056,5.77077E-07,7.59984E-05,1.01539E-05,0.000145149,5.84109E-05,0.001147985,0.002426268
1057,5.86124E-07,7.37122E-05,1.03474E-05,0.000145097,6.05403E-05,0.001248536,0.002683129
1058,4.52271E-07,6.81924E-05,9.5729E-06,0.000144454,6.04055E-05,0.001333117,0.002938725
1059,3.96548E-07,6.97878E-05,9.13308E-06,0.000148164,6.05454E-05,0.00140993,0.003192652
1060,3.53552E-07,8.13921E-05,9.1799E-06,0.000142413,6.15671E-05,0.001492189,0.003459115
1061,3.17532E-07,7.62383E-05,9.5134E-06,0.000134827,6.01011E-05,0.001590664,0.003745981
1062,1.95035E-07,7.57002E-05,9.46114E-06,0.000139587,5.93371E-05,0.00171685,0.00406247
1063,9.20039E-08,7.46821E-05,9.47875E-06,0.000143637,6.13286E-05,0.001880071,0.00443475
1064,2.32901E-07,7.56939E-05,9.08947E-06,0.000151526,6.03183E-05,0.002071586,0.004871812
1065,3.45056E-07,7.78108E-05,8.98395E-06,0.000135828,5.71581E-05,0.002280244,0.00536825
1066,1.50434E-07,7.67344E-05,9.22254E-06,0.000123292,5.92885E-05,0.002480975,0.005883777
1067,9.31982E-08,7.48165E-05,8.80015E-06,0.000127805,5.95276E-05,0.002645438,0.006369413
1068,1.44941E-07,6.54114E-05,8.3231E-06,0.000148928,5.65801E-05,0.002755583,0.006759917
1069,1.16528E-07,7.21505E-05,8.56242E-06,0.000162619,5.79583E-05,0.002804273,0.007005426
1070,1.19507E-07,7.74826E-05,8.58678E-06,0.000147026,5.802E-05,0.002798852,0.007106786
1071,2.13837E-07,7.62144E-05,8.4867E-06,0.000132662,5.82969E-05,0.002751958,0.007113548
1072,1.98165E-07,8.07663E-05,8.4925E-06,0.000121569,5.93552E-05,0.00267297,0.007091837
1073,3.27131E-07,7.59026E-05,8.4927E-06,0.000140289,5.91781E-05,0.002564154,0.007089814
1074,3.59218E-07,7.35709E-05,8.36217E-06,0.00016245,5.92862E-05,0.002434336,0.007116559
1075,2.75799E-07,6.8729E-05,7.90758E-06,0.000154267,5.89613E-05,0.002289767,0.00713527
1076,3.94663E-07,6.50524E-05,7.93648E-06,0.000140747,5.87557E-05,0.002138919,0.007120027
1077,3.70803E-07,7.42726E-05,8.27811E-06,0.000133484,5.95728E-05,0.001990851,0.007030744
1078,3.74683E-07,8.74114E-05,7.73573E-06,0.000143445,6.02392E-05,0.001849678,0.006852163
1079,2.94301E-07,8.40502E-05,7.21725E-06,0.000154931,6.03938E-05,0.001728408,0.006598224
1080,3.34541E-07,7.35995E-05,7.16437E-06,0.000158171,6.08549E-05,0.00162912,0.006284489
1081,2.51615E-07,6.3437E-05,6.96082E-06,0.000157594,6.18852E-05,0.001554821,0.005959123
1082,2.13711E-07,6.7892E-05,7.09438E-06,0.000134127,6.234E-05,0.001504558,0.005642189
1083,2.73344E-07,7.37447E-05,7.30294E-06,0.000117795,6.25882E-05,0.001471857,0.005333452
1084,3.54644E-07,7.26276E-05,6.06578E-06,0.000123528,6.42126E-05,0.00142933,0.00509325
1085,5.18342E-07,7.49117E-05,5.2609E-06,0.000133482,6.4989E-05,0.001394813,0.004940957
1086,5.46488E-07,7.34804E-05,5.73956E-06,0.000130469,6.25782E-05,0.00137657,0.004760913
1087,4.8987E-07,6.97866E-05,6.14899E-06,0.000108603,6.12111E-05,0.001340417,0.004392253
1088,6.17041E-07,6.52506E-05,5.747E-06,9.82027E-05,5.86906E-05,0.00128494,0.004277758
1089,6.90326E-07,6.37004E-05,5.4301E-06,9.86505E-05,5.34146E-05,0.00124631,0.004257786
1090,5.66322E-07,5.95131E-05,5.27284E-06,8.82493E-05,4.97265E-05,0.001267733,0.004185983
1091,3.81741E-07,5.64999E-05,5.27784E-06,7.18711E-05,4.7488E-05,0.001283457,0.003997833
1092,2.55102E-07,5.89425E-05,4.97546E-06,5.82508E-05,4.34646E-05,0.001200881,0.003600029
1093,2.62546E-07,5.56533E-05,4.35581E-06,5.13187E-05,3.77975E-05,0.001121096,0.003532095
1094,4.29493E-07,4.83948E-05,3.86322E-06,4.54649E-05,3.35939E-05,0.001001484,0.003507072
1095,3.58393E-07,4.08402E-05,3.35688E-06,3.52561E-05,2.69041E-05,0.000930972,0.003425868
1096,3.14062E-07,3.13039E-05,2.43446E-06,3.20936E-05,1.94697E-05,0.000840803,0.003207976
1097,4.04578E-07,2.18895E-05,2.08299E-06,2.71105E-05,1.4106E-05,0.000757879,0.002851741
1098,4.28386E-07,1.55011E-05,2.27512E-06,2.61169E-05,9.92922E-06,0.000671259,0.002365988
1099,2.36147E-07,1.27631E-05,1.92606E-06,2.60918E-05,6.80171E-06,0.000515319,0.002261053
1100,1.5605E-07,7.07747E-06,1.45842E-06,2.62251E-05,4.52893E-06,0.000359203,0.002313548
