Wavelength,Pan,Green,Blue,Red,NIR,RedEdge,BlueCoastal
350,3.66566E-06,1.35519E-06,9.08392E-06,4.04792E-07,1.61464E-07,9.90903E-08,6.21089E-08
351,7.00428E-06,2.26707E-06,1.21818E-05,6.46658E-07,1.9425E-07,9.79199E-08,1.77935E-07
352,9.28637E-06,2.7792E-06,1.46218E-05,6.8823E-07,1.99342E-07,1.03831E-07,1.23444E-07
353,1.0873E-05,2.82055E-06,1.6885E-05,4.98934E-07,2.20655E-07,8.88377E-08,2.62382E-08
354,1.29396E-05,2.89409E-06,1.77077E-05,4.61855E-07,2.84664E-07,5.81155E-08,6.89367E-08
355,1.21655E-05,2.67992E-06,1.8585E-05,3.28638E-07,2.75635E-07,4.03053E-08,1.29139E-07
356,9.72954E-06,2.4764E-06,1.88979E-05,4.30099E-07,2.29818E-07,4.59073E-08,1.05205E-07
357,8.4536E-06,2.56996E-06,1.8907E-05,4.44193E-07,2.00695E-07,7.56313E-08,2.264E-07
358,9.51579E-06,2.64556E-06,1.94132E-05,2.57182E-07,3.089E-07,9.81849E-08,2.03598E-07
359,9.20906E-06,2.75062E-06,1.95956E-05,1.04366E-07,4.32743E-07,8.75361E-08,1.21228E-07
360,7.15952E-06,2.65183E-06,1.97252E-05,1.26111E-07,4.08123E-07,1.2727E-07,4.21809E-08
361,1.57478E-05,2.91578E-06,1.99142E-05,1.64133E-07,2.41664E-07,2.18864E-07,6.0872E-08
362,1.89464E-05,2.99091E-06,2.01389E-05,9.16954E-08,1.21118E-07,3.55273E-07,9.59444E-08
363,1.60281E-05,3.01857E-06,2.06012E-05,1.2809E-07,9.65203E-08,5.19738E-07,6.12849E-08
364,1.23076E-05,3.03318E-06,2.1164E-05,1.98217E-07,2.02091E-07,1.17662E-06,8.98931E-08
365,7.0713E-06,3.09775E-06,2.12307E-05,1.97548E-07,3.55617E-07,3.49915E-06,9.68325E-08
366,3.38798E-06,3.10486E-06,2.08963E-05,2.59887E-07,3.92077E-07,7.90716E-06,4.50585E-08
367,4.96977E-06,3.02846E-06,2.05609E-05,4.93794E-07,2.94544E-07,1.31696E-05,1.49363E-07
368,5.86265E-06,3.09415E-06,2.022E-05,4.19805E-07,2.55356E-07,1.8935E-05,2.6161E-07
369,5.94945E-06,2.98601E-06,2.00953E-05,2.06019E-07,3.74692E-07,3.14943E-05,3.61268E-07
370,9.23217E-06,2.92646E-06,1.97391E-05,1.40095E-07,4.90554E-07,6.06159E-05,8.51671E-07
371,9.9903E-06,2.94342E-06,1.97735E-05,1.43248E-07,4.25571E-07,0.000115249,1.64239E-06
372,8.55375E-06,3.07123E-06,1.95719E-05,1.38661E-07,2.94444E-07,0.000194895,4.01915E-06
373,7.07808E-06,3.13896E-06,1.96443E-05,1.15416E-07,2.21172E-07,0.000283076,1.1214E-05
374,9.01509E-06,3.07449E-06,2.01993E-05,9.46724E-08,2.0042E-07,0.000361822,2.73794E-05
375,8.27769E-06,3.05545E-06,2.04991E-05,3.51827E-08,1.88163E-07,0.000437452,5.58403E-05
376,9.99476E-06,3.03651E-06,2.04709E-05,1.8474E-08,1.8015E-07,0.000488116,0.000110151
377,1.03422E-05,2.86397E-06,2.0523E-05,5.83948E-08,2.06855E-07,0.000444643,0.000241262
378,7.73096E-06,2.92466E-06,2.06258E-05,6.57348E-08,2.21266E-07,0.000325879,0.00053329
379,7.44515E-06,3.02295E-06,2.06896E-05,3.4074E-08,2.55614E-07,0.000219436,0.000986983
380,8.72519E-06,3.12323E-06,2.11399E-05,3.27641E-08,2.69552E-07,0.000194085,0.001620159
381,8.20531E-06,3.11649E-06,2.11795E-05,1.34418E-07,2.39781E-07,0.000213917,0.00254757
382,6.72201E-06,3.20109E-06,2.12295E-05,1.86356E-07,2.12309E-07,0.000238985,0.003941254
383,6.93514E-06,3.25878E-06,2.13313E-05,1.17609E-07,2.46336E-07,0.00025991,0.005979472
384,7.27492E-06,3.28138E-06,2.15362E-05,2.1712E-07,2.9709E-07,0.000276658,0.008996343
385,7.49357E-06,3.49823E-06,2.18319E-05,2.70104E-07,3.56292E-07,0.000283252,0.013772096
386,7.52347E-06,3.74391E-06,2.2226E-05,1.92571E-07,3.41099E-07,0.000274156,0.021951646
387,5.76302E-06,4.07914E-06,2.30115E-05,2.85301E-07,3.4989E-07,0.000266101,0.034899314
388,5.52264E-06,4.28321E-06,2.39016E-05,2.79263E-07,4.31909E-07,0.000282793,0.051783575
389,5.05231E-06,4.3084E-06,2.47534E-05,1.72256E-07,5.61992E-07,0.000321818,0.069292502
390,4.65614E-06,4.56654E-06,2.57362E-05,1.65341E-07,7.5333E-07,0.000345909,0.083848788
391,3.89232E-06,4.75743E-06,2.69451E-05,1.94033E-07,9.83643E-07,0.000337848,0.09397302
392,4.17772E-06,5.10927E-06,2.81828E-05,1.45182E-07,1.06074E-06,0.000293876,0.100367613
393,7.08999E-06,5.36147E-06,2.9822E-05,7.23211E-08,9.83639E-07,0.000227101,0.104661103
394,5.73384E-06,5.43072E-06,3.18098E-05,1.0111E-07,9.87407E-07,0.000177774,0.108066542
395,3.75502E-06,5.69236E-06,3.37217E-05,1.9434E-07,9.98836E-07,0.000185948,0.112101673
396,3.7749E-06,6.21852E-06,3.61965E-05,1.73403E-07,1.12263E-06,0.000234099,0.118738649
397,3.81351E-06,7.04076E-06,3.89344E-05,1.20092E-07,1.4886E-06,0.000267373,0.12968404
398,5.89731E-06,7.6519E-06,4.18122E-05,1.95506E-07,1.92303E-06,0.000244162,0.144877612
399,8.46376E-06,8.67028E-06,4.48784E-05,2.83154E-07,2.49189E-06,0.000177547,0.162740807
400,8.20639E-06,1.0483E-05,4.78562E-05,3.52174E-07,3.27482E-06,0.000113709,0.18134242
401,8.26126E-06,1.28594E-05,5.11347E-05,6.96437E-07,4.38043E-06,7.52338E-05,0.198412899
402,1.1587E-05,1.59089E-05,5.51681E-05,1.09873E-06,5.8861E-06,5.56054E-05,0.214355956
403,1.67227E-05,1.97941E-05,5.94231E-05,1.17652E-06,8.20002E-06,4.52633E-05,0.229577617
404,1.85911E-05,2.61485E-05,6.39106E-05,2.1953E-06,1.20543E-05,4.49472E-05,0.2451426
405,1.64879E-05,4.19824E-05,6.85409E-05,3.82557E-06,1.90172E-05,6.22092E-05,0.261535864
406,1.25993E-05,7.14191E-05,7.30464E-05,4.62654E-06,2.94845E-05,0.000110731,0.279094031
407,1.8545E-05,0.000111531,7.82052E-05,4.46487E-06,4.23697E-05,0.000194086,0.29904946
408,3.22624E-05,0.000152483,8.28881E-05,5.28865E-06,5.75953E-05,0.000281059,0.321623985
409,5.382E-05,0.000196361,8.83458E-05,1.1791E-05,8.27213E-05,0.000306329,0.345752947
410,9.40701E-05,0.000295236,9.53707E-05,2.9225E-05,0.000124023,0.00023733,0.369391117
411,0.000132751,0.00060011,0.000102468,5.54892E-05,0.000177071,0.000140664,0.391953799
412,0.000154618,0.001470213,0.00010942,8.28531E-05,0.000239994,0.000101803,0.413131943
413,0.000172721,0.003594457,0.000117408,0.000111044,0.000303299,0.00015465,0.433793077
414,0.000179277,0.007557637,0.000126747,0.000162447,0.000329929,0.000256857,0.455305947
415,0.000186956,0.012235117,0.000136288,0.000293864,0.000314517,0.000324455,0.477671096
416,0.000226778,0.014418834,0.000143363,0.000537926,0.000326551,0.000288963,0.500525815
417,0.000296526,0.011815542,0.00014672,0.000804212,0.000398366,0.000182154,0.524046129
418,0.000421748,0.006454304,0.000148808,0.000960879,0.000453908,8.91648E-05,0.545474239
419,0.000664695,0.002157693,0.000155257,0.00092345,0.000452821,5.60578E-05,0.565789824
420,0.00110879,0.000433767,0.000171297,0.000666835,0.000419361,6.13744E-05,0.585564943
421,0.001762264,7.48272E-05,0.000200822,0.000319611,0.000361621,7.1267E-05,0.606328283
422,0.002538283,2.98128E-05,0.000241105,8.63066E-05,0.000277327,7.08364E-05,0.627976701
423,0.003335397,2.39689E-05,0.000281971,1.33971E-05,0.000204497,7.97714E-05,0.649358148
424,0.004067786,2.38316E-05,0.000312644,3.70477E-06,0.000182469,0.000141116,0.668490251
425,0.00479372,2.4419E-05,0.000337473,3.18963E-06,0.000219718,0.000274995,0.685244487
426,0.005835325,2.57105E-05,0.000360507,3.12905E-06,0.000271479,0.000425915,0.699559486
427,0.007817033,2.66375E-05,0.000374187,2.6572E-06,0.000305239,0.000503127,0.713908198
428,0.011909082,2.71895E-05,0.00037521,5.34435E-06,0.000315976,0.00045576,0.731098736
429,0.020172566,2.794E-05,0.000368037,1.53089E-05,0.000311349,0.000347127,0.751028864
430,0.035541246,2.77687E-05,0.000367313,3.30648E-05,0.000291838,0.000292512,0.770722265
431,0.060466712,2.83093E-05,0.00039377,5.24587E-05,0.000290609,0.000334681,0.78652157
432,0.094399631,2.89832E-05,0.000463924,6.77552E-05,0.000360414,0.000414183,0.797344288
433,0.13359565,2.89665E-05,0.000678334,7.68356E-05,0.000502531,0.000434817,0.808780867
434,0.173832539,2.85918E-05,0.001274008,6.90345E-05,0.00061751,0.00035718,0.825592862
435,0.213957412,2.88796E-05,0.002689779,5.49424E-05,0.000630518,0.000230608,0.846870728
436,0.255452912,2.95375E-05,0.005547927,4.21857E-05,0.000559995,0.000133466,0.866566807
437,0.298319195,3.03798E-05,0.011147739,2.88817E-05,0.000454174,9.34089E-05,0.881315665
438,0.336849431,3.15907E-05,0.021865779,1.43295E-05,0.000358487,8.67184E-05,0.891003821
439,0.364365302,3.25501E-05,0.04022317,4.84625E-06,0.000308121,8.38678E-05,0.900099124
440,0.378413967,3.32837E-05,0.068015307,9.85771E-07,0.000311846,8.51663E-05,0.910536101
441,0.382537522,3.49837E-05,0.107308461,7.92204E-08,0.000328633,0.000121028,0.919492677
442,0.38401842,3.46261E-05,0.162005954,1.89861E-07,0.000312323,0.000222303,0.923445115
443,0.389274482,3.54243E-05,0.235550585,1.04811E-06,0.000261385,0.000373304,0.918788547
444,0.400034801,3.57329E-05,0.32443587,1.29574E-06,0.000211599,0.000497227,0.902581962
445,0.414674658,3.437E-05,0.416824904,8.49728E-07,0.000178877,0.000494865,0.879666925
446,0.42916082,3.55848E-05,0.499395546,8.71062E-07,0.000158822,0.000377416,0.861979983
447,0.440616098,3.70079E-05,0.565705924,2.91627E-07,0.000157578,0.000266142,0.863940559
448,0.448571122,3.71292E-05,0.614346466,3.99424E-08,0.000195255,0.00026731,0.889279626
449,0.453742346,3.82398E-05,0.643538967,1.25967E-07,0.000286531,0.000341828,0.932373144
450,0.458252021,3.74386E-05,0.654585493,4.88712E-07,0.000391658,0.00036879,0.976575223
451,0.462560925,3.71947E-05,0.653245165,8.52003E-07,0.000451719,0.000295709,1
452,0.466435466,3.86898E-05,0.648269636,4.22538E-06,0.00047628,0.000174738,0.985477753
453,0.469097839,3.99076E-05,0.647747168,9.84812E-06,0.000521018,8.90526E-05,0.916904088
454,0.471092056,4.05693E-05,0.655439067,1.79851E-05,0.000594336,5.86195E-05,0.800176934
455,0.473142092,3.95846E-05,0.671319243,3.25219E-05,0.000686326,5.20701E-05,0.658764789
456,0.476442403,3.81874E-05,0.693723336,4.38362E-05,0.000825253,4.39635E-05,0.520395504
457,0.482326345,3.93991E-05,0.718451227,4.34066E-05,0.000993801,2.9207E-05,0.399977004
458,0.490502839,4.01187E-05,0.739344164,3.42089E-05,0.001033743,1.60769E-05,0.297085006
459,0.499350498,4.08339E-05,0.752522557,2.47285E-05,0.000862864,9.96776E-06,0.209239093
460,0.507298303,4.22335E-05,0.759481234,1.31217E-05,0.000643663,8.84973E-06,0.139306621
461,0.512995522,4.29094E-05,0.76193988,5.16335E-06,0.000521136,9.56575E-06,0.090579707
462,0.516503282,4.49348E-05,0.763293314,3.52484E-06,0.000506216,9.65467E-06,0.061262169
463,0.517821251,4.46609E-05,0.765320682,4.93154E-06,0.000560404,9.66862E-06,0.044693534
464,0.518351528,4.26299E-05,0.77062176,4.02477E-06,0.000625554,1.03508E-05,0.034684769
465,0.519453448,4.34197E-05,0.78068493,2.75739E-06,0.000604319,1.15577E-05,0.027506544
466,0.521972607,4.40955E-05,0.794178246,2.1293E-06,0.000449766,1.19312E-05,0.021433375
467,0.525734445,4.46175E-05,0.806734568,1.43102E-06,0.000257731,1.34714E-05,0.016040962
468,0.530195641,4.37824E-05,0.814988024,9.77009E-07,0.000118632,3.35932E-05,0.011654231
469,0.534446122,4.3012E-05,0.81867403,1.94763E-06,4.45968E-05,0.000146476,0.00827537
470,0.537698316,4.29307E-05,0.82081961,2.54166E-06,1.85399E-05,0.000481297,0.005670336
471,0.539354861,4.54758E-05,0.824948047,4.59224E-06,2.03184E-05,0.001144712,0.003812481
472,0.540071047,4.60622E-05,0.83253264,9.95592E-06,2.89009E-05,0.002000166,0.002780057
473,0.541624329,4.30885E-05,0.841975987,1.83609E-05,3.15054E-05,0.002638958,0.002293854
474,0.545442597,4.50004E-05,0.849426636,3.46366E-05,2.47072E-05,0.002621732,0.001936638
475,0.55214393,4.7396E-05,0.853148158,6.01509E-05,1.51449E-05,0.002102693,0.001716963
476,0.561300051,4.88513E-05,0.854668689,8.74062E-05,8.88866E-06,0.001648735,0.001572741
477,0.571835419,4.73979E-05,0.858941774,9.55345E-05,6.3971E-06,0.001597549,0.001426036
478,0.581389436,4.49518E-05,0.867029083,8.45287E-05,7.30841E-06,0.001662309,0.001219942
479,0.588403902,4.25347E-05,0.877467246,6.45384E-05,9.68922E-06,0.001390195,0.000959453
480,0.59181995,4.16302E-05,0.88617654,4.3887E-05,9.02789E-06,0.0008274,0.000698251
481,0.591307445,4.16361E-05,0.891346064,2.3513E-05,6.52597E-06,0.000338851,0.000492513
482,0.588099496,4.44489E-05,0.895438736,9.88419E-06,5.01815E-06,9.28602E-05,0.000362065
483,0.583899383,4.56005E-05,0.901829739,5.73639E-06,3.52448E-06,2.56431E-05,0.000291929
484,0.580248892,4.47995E-05,0.911317065,6.95497E-06,2.56415E-06,1.5911E-05,0.000260866
485,0.578641853,4.47768E-05,0.921698815,8.71032E-06,3.23436E-06,1.48861E-05,0.000251901
486,0.580100208,4.49689E-05,0.929369163,7.7707E-06,4.32269E-06,1.52123E-05,0.000263484
487,0.585424278,4.68361E-05,0.933151681,5.57951E-06,5.10435E-06,1.7911E-05,0.000284992
488,0.594068428,4.6228E-05,0.933437393,1.29227E-05,5.13829E-06,4.05154E-05,0.000306636
489,0.605093149,4.88831E-05,0.933591699,4.07813E-05,5.11032E-06,0.000121237,0.000312678
490,0.616724571,5.03331E-05,0.937045995,8.32771E-05,4.29437E-06,0.000276207,0.000296036
491,0.626881241,5.12462E-05,0.944674688,0.000115191,3.04969E-06,0.000450443,0.000263337
492,0.634804737,5.42805E-05,0.95503281,0.000105587,2.67604E-06,0.00054673,0.000223221
493,0.639900407,5.39536E-05,0.962486875,7.32391E-05,2.56036E-06,0.000528226,0.000189779
494,0.643273195,5.35843E-05,0.964302159,5.39582E-05,3.01065E-06,0.000496678,0.000161586
495,0.645821431,5.39437E-05,0.960903576,3.89081E-05,4.00763E-06,0.000545475,0.000146336
496,0.648555969,5.3356E-05,0.958462662,1.73258E-05,4.86708E-06,0.000602049,0.000141832
497,0.652072499,5.20315E-05,0.962298612,4.10841E-06,5.26359E-06,0.000563671,0.000144341
498,0.656472974,5.42496E-05,0.971758674,9.67077E-07,5.20874E-06,0.000441798,0.000155052
499,0.661177984,5.38101E-05,0.980704887,2.98223E-07,4.70418E-06,0.000321415,0.000173196
500,0.665908512,5.27393E-05,0.984197469,1.60564E-07,3.87138E-06,0.000253235,0.00019612
501,0.670204114,5.49684E-05,0.983224183,5.7832E-08,3.92988E-06,0.000230101,0.000231015
502,0.674002575,5.53685E-05,0.984574129,7.45212E-08,5.02606E-06,0.000216971,0.000270818
503,0.677119291,6.03345E-05,0.991626924,4.6619E-07,5.91366E-06,0.000189039,0.000290933
504,0.679381566,6.84417E-05,0.999523559,2.8718E-06,6.23042E-06,0.000152663,0.000269566
505,0.68038708,7.87742E-05,1,6.96909E-06,6.11909E-06,0.00014192,0.00021178
506,0.680431101,9.77576E-05,0.990508097,1.10944E-05,5.49217E-06,0.000224728,0.000153378
507,0.680587541,0.00011474,0.978155381,1.3944E-05,4.61876E-06,0.000443485,0.00011422
508,0.680507488,0.000128309,0.969976553,1.24461E-05,3.84717E-06,0.00072257,0.000102566
509,0.681152412,0.000138408,0.967055306,1.05236E-05,3.27246E-06,0.000906641,0.000109399
510,0.68305192,0.000146545,0.962859464,8.97958E-06,2.91473E-06,0.00089718,0.000125972
511,0.685140757,0.00015582,0.95072145,4.85595E-06,3.34889E-06,0.000775945,0.000154917
512,0.687054459,0.000171206,0.935468809,2.15611E-06,3.53525E-06,0.000677574,0.000182487
513,0.688308821,0.000196135,0.929477774,1.539E-06,9.71413E-06,0.000603171,0.000195404
514,0.688697825,0.000228628,0.937728455,1.77333E-06,4.34831E-05,0.000462552,0.000182064
515,0.6884388,0.000274049,0.949627884,1.24348E-06,0.000131094,0.000281832,0.000150263
516,0.688806006,0.000338324,0.945004055,4.13058E-06,0.000254122,0.000148513,0.000119085
517,0.690851277,0.000429361,0.902830839,1.00632E-05,0.000334687,9.12173E-05,9.43978E-05
518,0.695642903,0.000582325,0.815592074,1.55679E-05,0.000300398,7.70243E-05,7.7157E-05
519,0.703228295,0.000900198,0.691206884,1.74971E-05,0.000187923,8.6921E-05,6.51199E-05
520,0.712956,0.001532646,0.54689681,1.74078E-05,9.42611E-05,0.000137384,5.54104E-05
521,0.723000562,0.002926069,0.405532619,1.50801E-05,5.42553E-05,0.000246079,5.09935E-05
522,0.731211544,0.005842453,0.28739489,1.18564E-05,6.07987E-05,0.0003798,4.84128E-05
523,0.735542666,0.010141011,0.202330134,7.58127E-06,0.00010499,0.000461217,4.82777E-05
524,0.735622588,0.015727519,0.148366736,2.9901E-06,0.000187311,0.00044736,5.16405E-05
525,0.731753305,0.022224994,0.115191964,8.19042E-07,0.00026795,0.000388325,5.23317E-05
526,0.725044809,0.029467643,0.09212547,8.68256E-07,0.00029214,0.000323215,5.98563E-05
527,0.717529958,0.038755893,0.072577478,1.46245E-06,0.000260338,0.000269511,7.8957E-05
528,0.710689374,0.053780007,0.054545535,1.56043E-06,0.000264035,0.000198257,0.000110622
529,0.705444386,0.081852958,0.03894071,1.23332E-05,0.000386589,0.000123717,0.000139956
530,0.702721516,0.134242393,0.027005155,4.98543E-05,0.000589614,7.58165E-05,0.000138303
531,0.702360904,0.221981418,0.019633003,0.000119285,0.000693275,5.9541E-05,0.000109334
532,0.704870237,0.346835461,0.015692121,0.000220641,0.000594946,5.58019E-05,7.85664E-05
533,0.709883309,0.49215542,0.013405083,0.000286207,0.000377117,5.46404E-05,5.26715E-05
534,0.717491365,0.628204906,0.011858856,0.000250967,0.000213728,5.69554E-05,4.35508E-05
535,0.728211902,0.731470553,0.010444504,0.000174123,0.000146048,6.00024E-05,4.47346E-05
536,0.741429978,0.796171515,0.008748419,0.000140949,0.000129728,7.29383E-05,4.78433E-05
537,0.756349505,0.832369646,0.006897664,0.000119316,0.000113984,0.000120192,6.17769E-05
538,0.770980195,0.852182049,0.005181061,5.63027E-05,8.524E-05,0.000252209,8.28506E-05
539,0.783508345,0.863162585,0.003825845,1.12661E-05,5.51993E-05,0.000468545,0.000114175
540,0.791915408,0.868648855,0.002887405,1.21665E-06,3.61491E-05,0.000680128,0.000168071
541,0.794844703,0.870168517,0.002287111,6.86462E-07,3.55797E-05,0.000791672,0.000225056
542,0.793299702,0.871351662,0.001911726,1.1518E-06,6.21106E-05,0.000756985,0.000273196
543,0.788577564,0.874749141,0.001659325,7.801E-07,0.000140869,0.000619702,0.000306845
544,0.782189523,0.879075391,0.00146088,1.18653E-06,0.000290598,0.000450662,0.00035257
545,0.776745888,0.882394263,0.001285424,1.46452E-06,0.000472508,0.000279732,0.000476975
546,0.774970038,0.883808487,0.001130689,3.32257E-06,0.000591132,0.00014121,0.000695138
547,0.777355467,0.884105885,0.001004964,4.34107E-06,0.000598252,5.61628E-05,0.000887429
548,0.783814691,0.886025467,0.00091331,9.62326E-06,0.000547121,2.23564E-05,0.000912509
549,0.793708706,0.891209726,0.000863759,1.70875E-05,0.000527739,1.43152E-05,0.000766045
550,0.805283263,0.898019048,0.000848345,2.6823E-05,0.000538292,9.99717E-06,0.000643974
551,0.816558929,0.902695289,0.000852252,3.22489E-05,0.00051233,7.70379E-06,0.000703251
552,0.826393324,0.903914518,0.000853909,2.69748E-05,0.000426447,6.00304E-06,0.000880139
553,0.833573764,0.902757467,0.000825712,2.18732E-05,0.000318366,3.77826E-06,0.001039785
554,0.837693343,0.90236189,0.000768772,1.90342E-05,0.00023295,4.09094E-06,0.001175856
555,0.839343267,0.904443844,0.000697199,1.49477E-05,0.000189522,4.56308E-06,0.001733662
556,0.839415007,0.907897437,0.000629443,1.0624E-05,0.000179662,2.87666E-06,0.003267578
557,0.838872675,0.910058131,0.00058297,6.02772E-06,0.00019731,2.66838E-06,0.005307039
558,0.838165878,0.909331142,0.000567388,5.62468E-06,0.000244721,2.5064E-06,0.006253646
559,0.838134136,0.908127237,0.000578365,6.57021E-06,0.000329573,2.6101E-06,0.005284342
560,0.839202012,0.910499213,0.000610975,2.93553E-06,0.000451671,3.33222E-06,0.003568847
561,0.840915003,0.918385727,0.000653017,1.45312E-06,0.000571339,2.92508E-06,0.002392639
562,0.843572747,0.931851432,0.000675259,1.67787E-06,0.000623519,2.09692E-06,0.001902076
563,0.847198708,0.947835018,0.000659368,4.73071E-06,0.000579536,2.31645E-06,0.001567518
564,0.851662742,0.962914382,0.000613721,9.95522E-06,0.000471044,2.74807E-06,0.00124139
565,0.856852421,0.974878121,0.000561022,1.38663E-05,0.000363194,2.45229E-06,0.001149855
566,0.862209857,0.982209927,0.000516763,2.12778E-05,0.00028492,3.17786E-06,0.001264178
567,0.867273401,0.984833878,0.000487885,2.84331E-05,0.0002217,3.94719E-06,0.001276937
568,0.871903019,0.984173699,0.000471983,2.57361E-05,0.000162774,3.51198E-06,0.001031365
569,0.875090575,0.981393187,0.000459636,1.93042E-05,0.000108087,3.13543E-06,0.00071479
570,0.877084147,0.979479406,0.000445224,1.73956E-05,6.59971E-05,2.5384E-06,0.001003666
571,0.877416252,0.979016947,0.000424761,1.55149E-05,4.08493E-05,2.40565E-06,0.003373042
572,0.876556265,0.978332367,0.000403545,9.17477E-06,2.70485E-05,2.86212E-06,0.007586949
573,0.875080317,0.974340831,0.000385878,3.31272E-06,2.05919E-05,2.88386E-06,0.009998029
574,0.873754139,0.965982185,0.000371605,9.75058E-07,1.96697E-05,2.52455E-06,0.007937412
575,0.87294678,0.956405387,0.00036831,2.25978E-06,2.17224E-05,2.22048E-06,0.003854147
576,0.873288232,0.952657433,0.000374111,6.72446E-06,2.7582E-05,1.93291E-06,0.001074465
577,0.874775954,0.95876548,0.000386907,1.77876E-05,3.77141E-05,1.35649E-06,0.000184951
578,0.877659716,0.974567102,0.000402637,4.55791E-05,5.16281E-05,1.62157E-06,4.21655E-05
579,0.881613885,0.991424812,0.000409692,0.000100186,6.82809E-05,1.40085E-06,2.68865E-05
580,0.886214177,1,0.000399877,0.000193224,8.39677E-05,1.40095E-06,3.12754E-05
581,0.890785931,0.997304545,0.000378417,0.000317075,9.33858E-05,1.96252E-06,0.000101618
582,0.895144393,0.987688394,0.000355065,0.000446344,9.80085E-05,3.49658E-06,0.000294707
583,0.899077271,0.978072421,0.000337095,0.000502618,0.000103661,6.53474E-06,0.000542576
584,0.901973998,0.968570279,0.000324777,0.000462499,0.00011176,1.05178E-05,0.00071386
585,0.904402345,0.954067867,0.000319959,0.000404843,0.000115468,1.94775E-05,0.000751717
586,0.906320668,0.92706541,0.000320395,0.000376185,0.000109822,3.90899E-05,0.000809522
587,0.907460515,0.881053554,0.000324551,0.000327789,9.50035E-05,7.26286E-05,0.001195905
588,0.908233645,0.808504822,0.000336778,0.00023685,7.52129E-05,0.000111759,0.001965924
589,0.908694237,0.699641288,0.000355035,0.000150911,5.61971E-05,0.000145025,0.002639706
590,0.909313541,0.555115195,0.00037633,0.000104306,4.26613E-05,0.000160484,0.002768053
591,0.909902031,0.396189061,0.000392378,8.90628E-05,3.76348E-05,0.000156127,0.002654551
592,0.910662992,0.254988567,0.000400375,8.59834E-05,3.85118E-05,0.000134279,0.002890675
593,0.911679459,0.152993355,0.000404617,0.000105561,4.74934E-05,0.000100517,0.003312374
594,0.913234761,0.09075529,0.000410518,0.000156043,7.19925E-05,6.79766E-05,0.003171523
595,0.914965595,0.055901695,0.0004308,0.000248365,0.000124586,4.10572E-05,0.002246387
596,0.916985342,0.036188515,0.000467725,0.000398918,0.000223262,2.44459E-05,0.001126862
597,0.919411638,0.024271864,0.000505736,0.000608316,0.000376855,1.6446E-05,0.000424864
598,0.921859793,0.016640826,0.000518662,0.000863345,0.00057287,1.1473E-05,0.000154433
599,0.923787147,0.011582918,0.000493334,0.001124846,0.000783948,8.8324E-06,8.63842E-05
600,0.925170272,0.008352859,0.000447089,0.001332762,0.000979428,8.06745E-06,9.33317E-05
601,0.92575232,0.006459105,0.00040245,0.001497339,0.001108099,6.40449E-06,0.000125948
602,0.925594809,0.005256306,0.000368652,0.001690147,0.001090733,7.59166E-06,0.00014949
603,0.924861087,0.004684656,0.000354615,0.002005296,0.000889278,9.67924E-06,0.000148103
604,0.923850329,0.004152038,0.000364152,0.002717236,0.000584107,1.29462E-05,0.000147167
605,0.922963054,0.003883593,0.000420477,0.003968761,0.00031095,1.58586E-05,0.000200305
606,0.922491092,0.003760645,0.000569864,0.006870279,0.000141087,1.77374E-05,0.000349703
607,0.922958311,0.003542395,0.000769649,0.013132038,6.26914E-05,1.89378E-05,0.000545544
608,0.924672571,0.003076274,0.000858449,0.022456368,3.08751E-05,1.66794E-05,0.00065582
609,0.927405082,0.002415457,0.000775717,0.034144565,1.66267E-05,1.58606E-05,0.000584926
610,0.931123234,0.001729096,0.000618682,0.049382536,1.03604E-05,1.4844E-05,0.000412521
611,0.935731263,0.001184188,0.000490086,0.068150028,8.59222E-06,1.2381E-05,0.000269621
612,0.940627089,0.000826165,0.000407454,0.089874808,7.53466E-06,1.22609E-05,0.000200899
613,0.945412459,0.000621041,0.000373948,0.114363472,5.8092E-06,1.0819E-05,0.000178144
614,0.949627507,0.000501656,0.000378596,0.143149028,4.85084E-06,9.58055E-06,0.00015137
615,0.952835361,0.000428465,0.000394114,0.180538821,4.49429E-06,9.31138E-06,0.00014159
616,0.955099651,0.00037371,0.000397519,0.234419638,3.20192E-06,8.80459E-06,0.000170549
617,0.955913332,0.000315693,0.000379087,0.315995177,2.04768E-06,9.84246E-06,0.000272956
618,0.955793091,0.000232971,0.00034836,0.434427516,3.0831E-06,1.25859E-05,0.000462986
619,0.954974009,0.000148394,0.000318235,0.584537742,3.40332E-06,1.56651E-05,0.000630647
620,0.95349076,8.89319E-05,0.000295926,0.737697652,3.79353E-06,2.39837E-05,0.000651955
621,0.951792392,4.11888E-05,0.000286713,0.850958323,4.15407E-06,3.69037E-05,0.000511202
622,0.950361013,3.5057E-05,0.000311199,0.896055368,4.15216E-06,6.20485E-05,0.000317103
623,0.949263186,4.84185E-05,0.000505419,0.883023939,3.55318E-06,0.00010915,0.000183136
624,0.948418077,5.94092E-05,0.001003166,0.841013195,3.41239E-06,0.000173887,0.000121138
625,0.948350373,6.78117E-05,0.001414754,0.80321041,3.32596E-06,0.000256596,0.000102779
626,0.948956564,7.00715E-05,0.001311979,0.787261348,3.81336E-06,0.000335792,0.000104657
627,0.950311551,7.31868E-05,0.000908626,0.792430027,4.22347E-06,0.000386116,0.000107936
628,0.952185522,7.66016E-05,0.000599674,0.812469145,4.86248E-06,0.00039451,0.00012282
629,0.954449017,7.7099E-05,0.000396903,0.839046664,4.62335E-06,0.00035608,0.000144446
630,0.957208289,7.69284E-05,0.000289226,0.864943288,4.13418E-06,0.000291385,0.000151821
631,0.960188063,7.77603E-05,0.000249597,0.886808302,3.6487E-06,0.000222136,0.000152232
632,0.963174893,7.60125E-05,0.000239552,0.904668689,3.32635E-06,0.000160093,0.000142663
633,0.966106337,7.28709E-05,0.000237828,0.920750783,4.26567E-06,0.000115264,0.000136269
634,0.969099359,6.90945E-05,0.000236483,0.937401299,4.01402E-06,8.39793E-05,0.000140875
635,0.971690445,6.64806E-05,0.000235379,0.954669095,3.49509E-06,6.27022E-05,0.000146359
636,0.973481419,5.9909E-05,0.000233853,0.970801147,2.86341E-06,4.93233E-05,0.000143353
637,0.974514017,5.32275E-05,0.000233282,0.983158208,2.10188E-06,3.7945E-05,0.000123661
638,0.974842183,4.84468E-05,0.000237566,0.989388388,2.75646E-06,3.06474E-05,9.70005E-05
639,0.974319534,4.71512E-05,0.000284179,0.989256646,3.42635E-06,2.67896E-05,7.78534E-05
640,0.973258612,5.14359E-05,0.000605172,0.984511724,3.31845E-06,2.53041E-05,9.20552E-05
641,0.97193861,6.28805E-05,0.001470423,0.97796014,4.09126E-06,2.44037E-05,0.000182752
642,0.970679033,7.3915E-05,0.002251631,0.972061687,4.80494E-06,2.50671E-05,0.000375552
643,0.969768205,8.22895E-05,0.002157007,0.967549616,5.10294E-06,2.92866E-05,0.000583023
644,0.969349634,8.6105E-05,0.001453421,0.963289836,4.45248E-06,3.44828E-05,0.000655155
645,0.969741585,8.67026E-05,0.000903161,0.957675219,3.82844E-06,4.03287E-05,0.000530549
646,0.971100545,8.29144E-05,0.000538508,0.949844691,4.24703E-06,5.02448E-05,0.000315648
647,0.973036673,7.67776E-05,0.000328511,0.940223207,4.51302E-06,6.08508E-05,0.000146898
648,0.975964502,7.25034E-05,0.000248774,0.931964843,4.96371E-06,8.05433E-05,7.0858E-05
649,0.979764535,7.16752E-05,0.000227751,0.928596168,5.95644E-06,0.000110454,6.2412E-05
650,0.98339671,7.80686E-05,0.000228071,0.931567316,6.32723E-06,0.000146987,7.65972E-05
651,0.986638228,8.94439E-05,0.000243422,0.941243543,6.67941E-06,0.000197362,9.69549E-05
652,0.989466183,0.000101372,0.000313972,0.955068625,7.19128E-06,0.000263252,0.000113031
653,0.991583699,0.000106947,0.000555263,0.96714094,7.40693E-06,0.000347284,0.000106116
654,0.992700768,0.000106526,0.000994821,0.972070951,6.80305E-06,0.000454706,9.68702E-05
655,0.992652934,0.000110162,0.001318432,0.967200504,7.03651E-06,0.000585784,9.96102E-05
656,0.991847834,0.000114534,0.001290209,0.953155807,7.97091E-06,0.000743768,0.000122431
657,0.99030479,0.000113764,0.001051691,0.934793141,6.59615E-06,0.000923477,0.000191629
658,0.987984157,0.000113034,0.000846563,0.918815389,5.26757E-06,0.001114956,0.00030372
659,0.985394304,0.000113903,0.000720013,0.911255369,5.39291E-06,0.00131017,0.000422861
660,0.982830976,0.000112231,0.000637059,0.914338522,6.32435E-06,0.001495937,0.00048829
661,0.980250897,0.00011468,0.000543933,0.9269385,6.07121E-06,0.001661092,0.0004604
662,0.978023523,0.000113579,0.000438292,0.944830994,5.72062E-06,0.001795584,0.000373738
663,0.976299202,0.000109808,0.000344186,0.96168599,6.71349E-06,0.001898086,0.00028569
664,0.975546966,0.000111638,0.000275539,0.972082894,7.51692E-06,0.001977707,0.000225706
665,0.975540604,0.000112791,0.000233428,0.973822338,6.38027E-06,0.002041337,0.000205309
666,0.976125925,0.000114393,0.000209476,0.968969944,5.88912E-06,0.002103636,0.000224379
667,0.97732626,0.000113798,0.000199047,0.962400473,6.05546E-06,0.002180293,0.000282311
668,0.979145682,0.000113478,0.00019403,0.960104035,5.4676E-06,0.002281254,0.000369715
669,0.981573172,0.000115589,0.000190239,0.965295906,5.20195E-06,0.002419921,0.000450699
670,0.984513392,0.000113682,0.000189194,0.977863261,5.15288E-06,0.002606656,0.00048811
671,0.987683531,0.00010652,0.000191473,0.992259998,4.86753E-06,0.002852225,0.000452881
672,0.990832294,0.000100304,0.00019875,1,4.9828E-06,0.003153132,0.000367711
673,0.993595411,0.000101017,0.00023275,0.99399766,4.63022E-06,0.00350237,0.000278687
674,0.995914494,0.000105194,0.000360425,0.970145046,4.3233E-06,0.003960435,0.000202841
675,0.998114992,0.000109862,0.000600864,0.93079039,4.42054E-06,0.004546305,0.000160669
676,0.999501309,0.000115267,0.000758896,0.882729045,4.64452E-06,0.005273425,0.000130979
677,1,0.000118353,0.000695467,0.834763609,4.7731E-06,0.006055537,0.000100853
678,0.99978185,0.000115874,0.000519091,0.794344126,4.51342E-06,0.006968347,7.62311E-05
679,0.99842439,0.000116339,0.00037558,0.766009649,4.56341E-06,0.008229078,4.64881E-05
680,0.996372498,0.000117695,0.000281244,0.752689076,3.66787E-06,0.009957715,2.22838E-05
681,0.99375899,0.0001157,0.000222933,0.754580046,3.82148E-06,0.011882863,1.05326E-05
682,0.990686665,0.000116104,0.000191796,0.77290228,3.69745E-06,0.013919544,2.54411E-06
683,0.987242899,0.000105797,0.000179736,0.808464282,4.36074E-06,0.016310245,1.6279E-07
684,0.984361972,8.2886E-05,0.000178461,0.857965309,4.38087E-06,0.019167477,1.0309E-07
685,0.98195588,6.62284E-05,0.000179837,0.906683204,3.83714E-06,0.022642521,3.31627E-07
686,0.980108192,6.83447E-05,0.000184045,0.924477526,4.25581E-06,0.026987839,3.37084E-07
687,0.979230613,8.58476E-05,0.000193183,0.881170423,4.8427E-06,0.032523304,9.84309E-08
688,0.979455903,0.000107128,0.000205855,0.757093371,5.0553E-06,0.039787721,1.18893E-08
689,0.980574723,0.000118739,0.000222209,0.577176566,4.68385E-06,0.049650514,7.32974E-11
690,0.982676876,0.000122004,0.000232702,0.393195477,4.93584E-06,0.063439055,1.46347E-09
691,0.985209892,0.000124296,0.00023284,0.245353103,4.68025E-06,0.083161303,2.75611E-08
692,0.988109671,0.000125152,0.000225956,0.146689985,4.8932E-06,0.112084982,4.68145E-08
693,0.991283723,0.00012792,0.000214719,0.08801245,5.99785E-06,0.155249661,1.76205E-08
694,0.994471137,0.000129731,0.000205716,0.054299546,6.7378E-06,0.219245256,2.6994E-10
695,0.99717274,0.000129636,0.000203455,0.03483678,7.11579E-06,0.310383925,0
696,0.998968523,0.000129773,0.000209054,0.023343112,8.00964E-06,0.430512804,0
697,0.999718391,0.000129822,0.000232232,0.016273485,9.74797E-06,0.570333459,0
698,0.999660124,0.000129148,0.000282347,0.011755544,1.15709E-05,0.707909647,0
699,0.998204145,0.000130361,0.000343636,0.008808998,1.27091E-05,0.817060595,0
700,0.995917099,0.000131578,0.000371972,0.006826638,1.45795E-05,0.883171294,6.95782E-09
701,0.992912895,0.000130775,0.000347503,0.00546426,1.64493E-05,0.910409188,4.69024E-08
702,0.989050286,0.000125982,0.00029491,0.004499332,1.76551E-05,0.916202014,5.07251E-08
703,0.984808508,0.000117488,0.000245789,0.004035753,1.71968E-05,0.918215222,5.74067E-08
704,0.98051084,0.000113904,0.000208022,0.004145894,1.73164E-05,0.92677257,3.18524E-07
705,0.976257124,0.000119656,0.000178013,0.003838234,1.69087E-05,0.944178295,3.85548E-07
706,0.972288493,0.000125972,0.000160437,0.003859791,1.66724E-05,0.966183758,6.20681E-08
707,0.969062445,0.000129256,0.000153538,0.00450489,1.5829E-05,0.986407245,1.69767E-10
708,0.966591145,0.000131629,0.000150357,0.004311996,1.44026E-05,0.998653676,0
709,0.96467949,0.000132292,0.000145175,0.0039532,1.29969E-05,1,0
710,0.96369271,0.000131709,0.000142846,0.003754141,1.15443E-05,0.991714274,1.63703E-08
711,0.963405479,0.000130541,0.000144876,0.00369904,1.23132E-05,0.97697523,1.37761E-07
712,0.963495302,0.000129301,0.000154323,0.003783762,1.24154E-05,0.960858494,1.99606E-07
713,0.964516426,0.000128638,0.000181416,0.0040113,1.18087E-05,0.948292204,6.24318E-08
714,0.966285918,0.000129185,0.00023981,0.004364196,1.17139E-05,0.94149091,2.04227E-08
715,0.968490202,0.000130244,0.000316318,0.004764944,1.24621E-05,0.940128465,2.73162E-07
716,0.970673,0.000133715,0.000362163,0.005117653,1.19576E-05,0.942450252,2.21887E-06
717,0.973444439,0.00013726,0.000346018,0.005307878,1.18485E-05,0.947012824,7.28903E-06
718,0.97645527,0.000141144,0.000290124,0.005221956,1.35484E-05,0.951220285,1.28585E-05
719,0.97895423,0.000141582,0.000239137,0.00485995,1.52813E-05,0.952942057,1.59473E-05
720,0.981407387,0.000139578,0.000197854,0.004309398,1.70351E-05,0.95254325,1.74949E-05
721,0.983026681,0.000138449,0.000165589,0.003680837,2.13507E-05,0.950316685,1.66391E-05
722,0.983865492,0.000127331,0.000149356,0.003026369,2.80666E-05,0.947872673,1.46379E-05
723,0.984214257,9.63698E-05,0.000140558,0.002364207,3.71639E-05,0.946833455,1.20597E-05
724,0.9838641,6.80707E-05,0.000133136,0.00176115,5.00179E-05,0.947479531,8.52382E-06
725,0.982548501,5.68409E-05,0.000132678,0.001265454,6.82649E-05,0.949287975,5.51112E-06
726,0.980645139,5.61647E-05,0.000140259,0.000895237,9.11554E-05,0.951640536,3.44381E-06
727,0.977728782,8.5371E-05,0.000154883,0.000644903,0.000121018,0.952916,6.28707E-06
728,0.974490037,0.000109222,0.000186588,0.000482313,0.000159981,0.953046954,2.03695E-05
729,0.97094917,0.000122946,0.000242687,0.000379152,0.000205293,0.952240985,5.68093E-05
730,0.966908356,0.000135293,0.000303865,0.000303216,0.000254372,0.951529804,0.000108603
731,0.962900067,0.000138185,0.00033447,0.000241723,0.000304127,0.95280813,0.000153354
732,0.95914326,0.000136502,0.000317449,0.000200324,0.000348487,0.957412138,0.000170001
733,0.956077429,0.0001399,0.000275669,0.000169349,0.000383552,0.965816157,0.000145383
734,0.95349011,0.000139645,0.000232775,0.000138085,0.000407716,0.976292563,0.000106223
735,0.951785813,0.000127072,0.00019771,0.000115566,0.000420366,0.986078599,7.4133E-05
736,0.950513448,0.000125322,0.000172135,9.37976E-05,0.000425913,0.990523111,4.43343E-05
737,0.950210474,0.000204613,0.000156464,7.58929E-05,0.000429048,0.987464217,2.73342E-05
738,0.950795812,0.000314937,0.000150498,6.47802E-05,0.000434035,0.976464011,2.2513E-05
739,0.952292867,0.000307925,0.000154964,5.30309E-05,0.000441525,0.960635,1.48725E-05
740,0.95448317,0.000233766,0.000168438,4.12859E-05,0.000455993,0.945799861,9.09389E-06
741,0.956868797,0.000187235,0.000192965,3.24672E-05,0.000484292,0.937886153,4.42384E-06
742,0.959151274,0.000143172,0.000225998,2.75582E-05,0.000530377,0.939934503,5.46714E-06
743,0.961485689,0.000128273,0.000258299,2.27919E-05,0.000584936,0.950283545,4.71163E-06
744,0.963290295,0.000135947,0.000286082,1.99226E-05,0.00066313,0.957144369,3.91818E-06
745,0.964598659,0.000138173,0.000310466,1.70652E-05,0.000791805,0.942000078,5.42207E-06
746,0.964976099,0.000138266,0.000327712,1.34211E-05,0.000990023,0.885502644,5.0796E-06
747,0.964871938,0.000136638,0.000343006,1.1876E-05,0.001311137,0.782286368,3.18916E-06
748,0.963571514,0.000135878,0.00037938,9.58089E-06,0.001804578,0.64666346,4.24368E-06
749,0.961338001,0.000134469,0.000427803,9.37113E-06,0.002534896,0.505891455,4.56615E-06
750,0.958344631,0.000132521,0.000449232,1.17395E-05,0.003604161,0.383454903,6.14409E-06
751,0.954763521,0.000127668,0.000411053,1.27998E-05,0.005256361,0.289311814,6.93179E-06
752,0.950281043,0.000114372,0.00032535,1.75799E-05,0.007812265,0.222198827,6.78861E-06
753,0.945400624,8.76087E-05,0.000240077,1.61307E-05,0.011804055,0.175757983,4.32331E-06
754,0.940594294,8.38283E-05,0.000178292,1.54244E-05,0.017950024,0.143268534,4.2167E-06
755,0.935904766,0.00011426,0.000131415,2.25416E-05,0.027146868,0.119392355,4.43623E-06
756,0.931408277,0.000121589,0.000102294,3.24732E-05,0.040318226,0.100270331,6.39993E-06
757,0.927818494,0.000105346,8.67969E-05,4.02608E-05,0.05804769,0.083614018,6.30194E-06
758,0.924839828,0.000101686,7.34786E-05,4.92653E-05,0.080289246,0.068339076,5.27227E-06
759,0.922735573,0.000209619,6.42699E-05,6.2743E-05,0.106189289,0.054280496,6.02765E-06
760,0.921376034,0.000606971,5.99938E-05,7.74798E-05,0.134150812,0.041757571,5.939E-06
761,0.920428643,0.001203078,5.69148E-05,8.3731E-05,0.162625096,0.031162972,9.21291E-06
762,0.920440098,0.001571028,5.62757E-05,8.53671E-05,0.191048205,0.022496837,1.73129E-05
763,0.921122834,0.00142053,5.52425E-05,8.25236E-05,0.220184481,0.016032844,2.31717E-05
764,0.922248854,0.000965125,5.18971E-05,8.24306E-05,0.252176721,0.011684983,2.62167E-05
765,0.923556886,0.000554008,4.80006E-05,8.44898E-05,0.290601688,0.008641004,3.06451E-05
766,0.924794946,0.00027264,4.52759E-05,8.43052E-05,0.340366375,0.006617815,3.2754E-05
767,0.925914009,0.00012931,4.39629E-05,8.5828E-05,0.40709665,0.005102128,2.53136E-05
768,0.926528338,0.00011084,4.14493E-05,8.57823E-05,0.495133523,0.003887536,2.03597E-05
769,0.926924792,0.000119706,3.87659E-05,9.1399E-05,0.603631736,0.002931362,1.74527E-05
770,0.925878329,0.000119833,3.94308E-05,0.000118673,0.719888898,0.002208007,1.36298E-05
771,0.92433367,0.000105264,3.93429E-05,0.000162607,0.81993659,0.001704117,1.50772E-05
772,0.921376808,0.000102543,3.45277E-05,0.000221326,0.873823205,0.001373763,1.38063E-05
773,0.918255596,0.000204968,2.90375E-05,0.00029539,0.872012254,0.001163349,1.27733E-05
774,0.91407824,0.000438441,3.06258E-05,0.00035031,0.821868103,0.000946454,1.43174E-05
775,0.90935884,0.000628241,3.07676E-05,0.000352942,0.745609153,0.000739514,1.4813E-05
776,0.904361304,0.000612705,2.90716E-05,0.000300484,0.670260085,0.000576817,1.68358E-05
777,0.899132965,0.000455527,2.66436E-05,0.000232212,0.611256477,0.000452297,1.74197E-05
778,0.893794662,0.000312675,2.77569E-05,0.000197084,0.574368227,0.000355774,1.51705E-05
779,0.888964211,0.000202951,2.90934E-05,0.000178955,0.560248674,0.000282126,1.97252E-05
780,0.885404496,0.000132842,3.0228E-05,0.000149982,0.566579772,0.000227253,2.25381E-05
781,0.882088082,0.000114521,3.07272E-05,0.000107238,0.591789869,0.000183125,1.99225E-05
782,0.879572798,0.000115861,3.1763E-05,6.89412E-05,0.634550151,0.000150292,2.08959E-05
783,0.878264118,0.000117566,3.45343E-05,4.31433E-05,0.692102018,0.000126356,2.30268E-05
784,0.877780959,0.000117506,3.61702E-05,3.03475E-05,0.759637228,0.000106842,2.5393E-05
785,0.878525017,0.000112873,3.45388E-05,2.752E-05,0.830408869,9.18213E-05,2.98233E-05
786,0.880237218,0.000107456,3.27991E-05,3.2981E-05,0.89569407,8.02901E-05,3.07628E-05
787,0.882861592,0.000106022,3.19193E-05,3.92339E-05,0.948110531,7.18746E-05,3.38706E-05
788,0.885183286,0.000110845,3.01383E-05,4.34345E-05,0.981974802,6.45492E-05,6.06924E-05
789,0.887509412,0.000114867,2.90994E-05,5.35297E-05,0.997728003,5.80642E-05,8.13569E-05
790,0.889539962,0.000121732,2.89712E-05,5.8009E-05,1,5.57422E-05,8.32713E-05
791,0.890087371,0.000131202,2.68375E-05,4.99576E-05,0.99441728,5.64101E-05,7.97534E-05
792,0.889268395,0.000136538,2.91267E-05,4.2892E-05,0.986911108,6.21888E-05,9.01072E-05
793,0.886674227,0.000142421,4.48444E-05,3.39156E-05,0.981530629,6.15613E-05,0.000119606
794,0.882226929,0.000162238,7.50054E-05,2.79469E-05,0.980112829,6.0451E-05,0.000137494
795,0.875922565,0.000179419,0.000152357,2.39103E-05,0.982468529,5.86649E-05,0.000140836
796,0.867838539,0.000185365,0.000258443,2.68669E-05,0.986575018,5.56699E-05,0.000140034
797,0.858269635,0.000193314,0.000335372,0.000108161,0.990006775,4.86084E-05,0.000134636
798,0.847572816,0.000246991,0.000384326,0.000201018,0.990884553,4.409E-05,0.000130542
799,0.835829241,0.000324514,0.000465676,0.000185674,0.987208487,4.02591E-05,0.000124748
800,0.825826712,0.000322984,0.000522438,0.000198554,0.98218716,3.29258E-05,0.000123041
801,0.81648408,0.000300126,0.000537538,0.000330426,0.974775158,2.64197E-05,0.000127468
802,0.808155143,0.000330932,0.000549948,0.000460544,0.966047969,2.29436E-05,0.000184189
803,0.80318483,0.000327451,0.000555951,0.000493325,0.959240208,1.86887E-05,0.000287465
804,0.801571968,0.000292543,0.000537355,0.000440121,0.954264239,1.48584E-05,0.000335286
805,0.804034228,0.00026289,0.000532247,0.000427062,0.952136334,1.45339E-05,0.000385047
806,0.809397333,0.000243974,0.000521666,0.000464846,0.952259257,1.6502E-05,0.000510302
807,0.816805311,0.000218662,0.000535498,0.000438602,0.953856391,1.71746E-05,0.000627755
808,0.825781895,0.000229985,0.000521268,0.000433766,0.956687733,1.62284E-05,0.000635264
809,0.83262553,0.000227156,0.000498521,0.000461358,0.958120233,1.49144E-05,0.000627542
810,0.833493595,0.000188406,0.000497927,0.000458858,0.956622592,1.42961E-05,0.000629532
811,0.825171288,0.000201652,0.000508237,0.000456389,0.952383308,1.24717E-05,0.000626952
812,0.802743582,0.000237931,0.000502021,0.000442359,0.944822226,1.29704E-05,0.000610437
813,0.763088322,0.000234929,0.000489867,0.00043608,0.934526561,1.4156E-05,0.0006098
814,0.705832769,0.000216187,0.000468087,0.000458183,0.92273437,1.50237E-05,0.000611116
815,0.634025688,0.000233705,0.000460421,0.000449284,0.911127713,1.54734E-05,0.000617031
816,0.552757847,0.000207545,0.000466846,0.000435705,0.900632383,1.71843E-05,0.000618181
817,0.468861303,0.000204943,0.000465991,0.000457483,0.892673931,1.64836E-05,0.000604802
818,0.388743177,0.00022186,0.000460425,0.000501079,0.887608845,1.3966E-05,0.00060572
819,0.316973948,0.000242751,0.000458867,0.000540906,0.88542907,1.47444E-05,0.000605452
820,0.255638,0.000244266,0.000452758,0.000599057,0.886258357,1.55985E-05,0.000600725
821,0.204870305,0.00024724,0.000420386,0.000691195,0.888709064,1.32029E-05,0.000595816
822,0.164035823,0.000248574,0.000394085,0.000784825,0.891698609,1.16897E-05,0.00058338
823,0.131721643,0.000234722,0.000392337,0.00089345,0.894379376,1.41914E-05,0.000585173
824,0.106205151,0.000238863,0.00039406,0.000992238,0.895495167,1.4841E-05,0.000594821
825,0.086255684,0.000265928,0.000392097,0.001086174,0.895348477,1.24871E-05,0.000587397
826,0.070652795,0.000282146,0.000382283,0.001149189,0.893558999,1.08309E-05,0.000571086
827,0.058277143,0.000252751,0.000375164,0.001224467,0.889636591,1.22216E-05,0.000583701
828,0.048473481,0.00024497,0.000358632,0.001317065,0.884945745,1.35668E-05,0.000591247
829,0.040638322,0.000229854,0.000349459,0.001413659,0.879657191,1.1287E-05,0.000576207
830,0.034332462,0.00022482,0.000335765,0.00144819,0.87515804,1.06672E-05,0.000577363
831,0.029231193,0.000207138,0.000318926,0.001431812,0.871571678,1.23293E-05,0.00058853
832,0.02508274,0.000167339,0.000296173,0.00134548,0.869264731,1.33494E-05,0.000575623
833,0.021660549,0.000182254,0.000280627,0.001311182,0.868058565,1.30327E-05,0.000557629
834,0.018834703,0.000230378,0.000281739,0.001254043,0.868196428,1.37271E-05,0.000555713
835,0.016480755,0.000224422,0.000270384,0.001145846,0.868339686,1.34048E-05,0.000559019
836,0.01451415,0.000204855,0.000252777,0.001028774,0.868313085,1.25773E-05,0.000560531
837,0.012862351,0.000223653,0.000231942,0.00097308,0.867568567,1.32062E-05,0.000543851
838,0.011458686,0.000238743,0.00022385,0.000860828,0.865241487,1.4579E-05,0.000536276
839,0.010256386,0.000216645,0.000219993,0.000726161,0.861123151,1.55882E-05,0.000549929
840,0.009228745,0.000192739,0.000212964,0.000614268,0.855619023,1.43079E-05,0.000559006
841,0.008333433,0.000191921,0.000194537,0.000581188,0.848552971,1.21471E-05,0.000549906
842,0.007563173,0.000197586,0.00017997,0.000535709,0.840904223,1.12552E-05,0.00053881
843,0.006892634,0.000200787,0.00016979,0.000457782,0.833099797,1.38462E-05,0.000534757
844,0.006302375,0.000215239,0.000152107,0.000428509,0.825359813,1.60459E-05,0.000537841
845,0.005781013,0.000202516,0.000133093,0.000434849,0.818430265,1.57647E-05,0.000539196
846,0.005316543,0.000193141,0.000126848,0.000402164,0.812950168,1.56056E-05,0.000528071
847,0.00491159,0.000187329,0.000130801,0.000372565,0.809134854,1.52762E-05,0.000524634
848,0.004547893,0.000184365,0.000123123,0.000409265,0.806365654,1.47167E-05,0.000525104
849,0.004210282,0.000191535,0.000104552,0.00038832,0.803800995,1.22084E-05,0.000525443
850,0.003915604,0.000201201,9.67509E-05,0.000367585,0.803561855,1.12039E-05,0.000532325
851,0.003640299,0.000207773,8.8561E-05,0.000360434,0.802561154,1.17217E-05,0.000531115
852,0.003388532,0.000197005,8.0537E-05,0.000352474,0.802104774,1.29842E-05,0.000534247
853,0.003160144,0.00018294,8.29148E-05,0.000355186,0.801402028,1.22269E-05,0.000544481
854,0.002946655,0.000195075,6.62979E-05,0.000379237,0.800921419,1.20004E-05,0.00053217
855,0.00274692,0.00021086,5.24905E-05,0.000369831,0.799339901,1.40692E-05,0.000525955
856,0.002565023,0.000210652,5.71877E-05,0.000354544,0.797113929,1.43706E-05,0.00053645
857,0.002391865,0.000210442,5.98244E-05,0.000326961,0.794253637,1.4098E-05,0.000541819
858,0.002228325,0.000217569,4.82029E-05,0.000300156,0.790589287,1.30732E-05,0.000536368
859,0.002075232,0.000224042,3.93307E-05,0.00032726,0.786111672,1.24592E-05,0.000526027
860,0.001928199,0.00024819,3.99201E-05,0.000361983,0.780566253,1.29702E-05,0.000526991
861,0.001792059,0.000268811,3.96623E-05,0.00033211,0.774498155,1.31291E-05,0.000526617
862,0.001659742,0.00028086,4.0511E-05,0.000338818,0.76794403,1.1005E-05,0.000523872
863,0.00153126,0.000269565,4.40843E-05,0.000371424,0.761317192,1.1441E-05,0.000522273
864,0.001416428,0.000265217,4.46798E-05,0.000337046,0.754701873,1.28269E-05,0.000516783
865,0.001309816,0.000289493,4.0962E-05,0.000302843,0.748569922,1.24065E-05,0.000509345
866,0.001208289,0.000331793,4.13509E-05,0.000325617,0.743198746,1.1681E-05,0.000491079
867,0.001110964,0.000369234,4.71115E-05,0.000363133,0.739293817,1.23981E-05,0.00048241
868,0.00102172,0.000386922,5.29487E-05,0.000436179,0.736002872,1.34384E-05,0.000495433
869,0.000937358,0.000371871,5.80475E-05,0.000587672,0.73328627,1.29479E-05,0.000493989
870,0.000860909,0.000380801,6.52811E-05,0.000796812,0.731558624,1.13752E-05,0.000486365
871,0.000790309,0.000383457,7.06453E-05,0.001073029,0.729084529,1.16751E-05,0.000484985
872,0.000725244,0.000368404,7.52551E-05,0.001458337,0.726014135,1.27086E-05,0.000491283
873,0.000663848,0.00037228,8.1448E-05,0.001927461,0.721135169,1.21567E-05,0.000504386
874,0.000606148,0.000363211,8.82278E-05,0.002361192,0.712898331,1.01169E-05,0.00048431
875,0.00055604,0.000347808,9.7561E-05,0.002729232,0.702152849,9.8643E-06,0.000470399
876,0.00050894,0.000330523,0.000107629,0.003100438,0.687885103,1.12536E-05,0.00048301
877,0.000466067,0.00031034,0.000117809,0.003501148,0.67212102,1.172E-05,0.000484285
878,0.000427945,0.000277874,0.000127456,0.003755244,0.654605129,1.09803E-05,0.00046765
879,0.00039296,0.00025553,0.000132145,0.003728824,0.637610019,1.05313E-05,0.000454568
880,0.000362504,0.000250054,0.00013533,0.0035429,0.621736087,1.11411E-05,0.000465804
881,0.000334136,0.000233143,0.000142258,0.003307177,0.60851599,1.15273E-05,0.000464992
882,0.000306528,0.00021731,0.000150392,0.003003399,0.598054504,1.03629E-05,0.000452277
883,0.000282112,0.000200523,0.000156419,0.002688939,0.589968054,1.04329E-05,0.000445437
884,0.000261836,0.000201776,0.000162567,0.002321805,0.582966803,1.06943E-05,0.00044817
885,0.00024311,0.000211723,0.000165358,0.001905699,0.573349015,1.02555E-05,0.000456945
886,0.000224297,0.000210862,0.000165373,0.001535321,0.557286589,1.05588E-05,0.00044731
887,0.000209086,0.00021518,0.000167438,0.001281085,0.530226974,1.08592E-05,0.000437294
888,0.000195223,0.000218503,0.000171269,0.00108392,0.489992835,1.00774E-05,0.000434902
889,0.000182484,0.000207778,0.000174234,0.000904806,0.437033915,8.96721E-06,0.000434654
890,0.000172018,0.0002042,0.000172815,0.000802619,0.375400124,9.74803E-06,0.000427885
891,0.000162208,0.000206884,0.000166249,0.000771252,0.311328177,1.02769E-05,0.000423883
892,0.000151846,0.000216924,0.00016237,0.000784062,0.250481052,1.02234E-05,0.000419027
893,0.000141538,0.000204902,0.000163836,0.00081062,0.197577008,1.17891E-05,0.000424078
894,0.000132769,0.000181187,0.000167088,0.000819886,0.154439503,1.15076E-05,0.000423889
895,0.000125317,0.000177155,0.000162616,0.000819547,0.120743788,1.03917E-05,0.000420545
896,0.000117961,0.000186952,0.000154643,0.000810843,0.094983307,9.69425E-06,0.000423589
897,0.000112011,0.000186316,0.000150742,0.000798799,0.075667764,9.04344E-06,0.000420414
898,0.000106863,0.000179755,0.000149713,0.000784552,0.061161371,8.57962E-06,0.000412882
899,0.000101598,0.000173817,0.000151453,0.000735255,0.050181818,1.05713E-05,0.000405213
900,9.61601E-05,0.000176172,0.000154652,0.000673838,0.041892463,1.11682E-05,0.00040325
901,9.20211E-05,0.000186684,0.000150941,0.000658182,0.035550677,1.03554E-05,0.000404361
902,8.81496E-05,0.000184842,0.000143558,0.000617925,0.030648825,9.27471E-06,0.0003906
903,8.40553E-05,0.000172486,0.000141298,0.000577426,0.026797948,7.93447E-06,0.000378925
904,8.00948E-05,0.000170672,0.000146564,0.000543777,0.023719242,7.24625E-06,0.000379818
905,7.68514E-05,0.000179214,0.000150798,0.000502678,0.021212655,8.91948E-06,0.000381905
906,7.44332E-05,0.000194535,0.000151773,0.00045319,0.019112294,9.49303E-06,0.000384641
907,7.17006E-05,0.000212995,0.000154881,0.000394531,0.017294116,8.95247E-06,0.000381474
908,6.89724E-05,0.000202489,0.000161953,0.000384675,0.015660076,8.17456E-06,0.000377402
909,6.72194E-05,0.000203515,0.00017103,0.000388115,0.014127905,8.73136E-06,0.000378394
910,6.57824E-05,0.000215203,0.000183375,0.000366247,0.012643453,7.83421E-06,0.000375702
911,6.42124E-05,0.000245301,0.000200647,0.000337454,0.011187412,8.08171E-06,0.000373937
912,6.26156E-05,0.000283289,0.000224448,0.000353282,0.009770062,8.75407E-06,0.000370042
913,6.12227E-05,0.00030325,0.000256389,0.000378178,0.00841036,8.97654E-06,0.000368454
914,6.00011E-05,0.00035171,0.000295944,0.000366881,0.007129172,7.51472E-06,0.000365041
915,5.85175E-05,0.000417753,0.000345765,0.000358002,0.005964362,7.22906E-06,0.000362271
916,5.7531E-05,0.000493821,0.000414326,0.000357082,0.004922963,7.33491E-06,0.000355642
917,5.60733E-05,0.000605076,0.000501638,0.000362461,0.003995265,7.55599E-06,0.000349399
918,5.5121E-05,0.000735466,0.000606908,0.000385916,0.003276955,7.54303E-06,0.000349264
919,5.43308E-05,0.000913709,0.000734742,0.000421158,0.002715864,7.74763E-06,0.000346112
920,5.35296E-05,0.001127941,0.000884364,0.000459259,0.002283844,7.32545E-06,0.000337815
921,5.28854E-05,0.00137304,0.001054846,0.000521243,0.001949584,7.28383E-06,0.000326143
922,5.22098E-05,0.001618216,0.00124213,0.000630509,0.001671337,6.69816E-06,0.000318915
923,5.06682E-05,0.001855257,0.001443202,0.000787401,0.001426624,6.81368E-06,0.000324216
924,4.9229E-05,0.002086487,0.00165408,0.001026197,0.001204479,8.35554E-06,0.000318897
925,4.79244E-05,0.002313706,0.001868115,0.001376233,0.001025438,8.48663E-06,0.000314742
926,4.57546E-05,0.002545629,0.002084801,0.001856232,0.000880137,7.41384E-06,0.000316878
927,4.32041E-05,0.002731244,0.002300918,0.002499277,0.000761447,6.85265E-06,0.000311905
928,4.0955E-05,0.002869424,0.002510189,0.003338931,0.000662827,7.28229E-06,0.000299588
929,3.84766E-05,0.002939353,0.002714569,0.004343306,0.000579702,7.93516E-06,0.000297853
930,3.5391E-05,0.002921042,0.002910439,0.005411052,0.00051158,8.25209E-06,0.00030347
931,3.18553E-05,0.002843279,0.003103908,0.006488368,0.000454243,8.09637E-06,0.000301471
932,2.85789E-05,0.002705791,0.003297571,0.007376203,0.000401267,6.83473E-06,0.000296949
933,2.596E-05,0.002535123,0.003488288,0.007923801,0.000357065,5.4788E-06,0.000288915
934,2.32852E-05,0.002321473,0.003658385,0.008119353,0.000318612,5.57201E-06,0.000290203
935,2.0592E-05,0.002091236,0.003817573,0.00804805,0.000283257,5.45958E-06,0.00029763
936,1.79747E-05,0.001872546,0.00397046,0.007846007,0.000253043,5.98741E-06,0.000295821
937,1.56734E-05,0.001668522,0.004105744,0.007676851,0.000224304,7.14604E-06,0.000285683
938,1.36062E-05,0.001504378,0.004204266,0.007540754,0.000200461,7.01826E-06,0.000286286
939,1.15082E-05,0.001390832,0.004285511,0.007338607,0.000180755,7.05016E-06,0.000289111
940,9.46226E-06,0.001296028,0.004317185,0.007066571,0.000162676,6.87627E-06,0.000278339
941,8.18548E-06,0.00122463,0.004325831,0.006730995,0.000147574,6.96502E-06,0.000270857
942,7.23599E-06,0.001176414,0.004284168,0.006421244,0.00013116,7.595E-06,0.000275655
943,6.16302E-06,0.00115622,0.004208183,0.00616954,0.000119005,6.77042E-06,0.000283199
944,5.27137E-06,0.001160676,0.004083012,0.005992278,0.000109853,6.86264E-06,0.000283787
945,4.36521E-06,0.001168428,0.003920732,0.005910684,0.000102437,7.23888E-06,0.000277576
946,3.73281E-06,0.001189905,0.003666038,0.0058408,9.64673E-05,6.55631E-06,0.000270659
947,3.16635E-06,0.001209779,0.003337388,0.005670186,9.13419E-05,6.03042E-06,0.000262114
948,2.60192E-06,0.001237186,0.003066504,0.005394633,8.55045E-05,5.97135E-06,0.000261885
949,2.17951E-06,0.001276989,0.002841702,0.004996655,8.06961E-05,5.86459E-06,0.000266854
950,2.00901E-06,0.001306852,0.002522092,0.00449179,7.84529E-05,5.31667E-06,0.000261284
951,1.7864E-06,0.001321109,0.002140353,0.003905063,7.57294E-05,5.72838E-06,0.000247883
952,1.55688E-06,0.001326237,0.001862273,0.003293083,7.37058E-05,5.57117E-06,0.000241667
953,1.53715E-06,0.001310616,0.00159031,0.002706769,7.17613E-05,4.96744E-06,0.000242275
954,1.46998E-06,0.00127248,0.001355398,0.002184367,6.96335E-05,5.04649E-06,0.000245076
955,1.28274E-06,0.001221532,0.00116748,0.001752587,6.83978E-05,5.74608E-06,0.000249019
956,1.13678E-06,0.001157383,0.00100794,0.001405455,6.85869E-05,5.54244E-06,0.000249299
957,1.02064E-06,0.001064025,0.000865873,0.001113592,6.68496E-05,5.24567E-06,0.000244227
958,9.39405E-07,0.000969611,0.000725973,0.000871562,6.58479E-05,4.64401E-06,0.000238888
959,8.77104E-07,0.000873815,0.000594245,0.000698019,6.51744E-05,4.63387E-06,0.000244822
960,9.04427E-07,0.000780409,0.000495637,0.000581765,6.44839E-05,4.77463E-06,0.000244364
961,9.07898E-07,0.000703107,0.000417638,0.000475745,6.22869E-05,4.95451E-06,0.000239626
962,8.18286E-07,0.00062225,0.000351432,0.000398945,6.27783E-05,5.20934E-06,0.000239331
963,7.64709E-07,0.000541408,0.000295842,0.00034036,6.31058E-05,5.46965E-06,0.000239046
964,7.4106E-07,0.000472772,0.000249773,0.000302605,6.1539E-05,5.54569E-06,0.000237341
965,7.23272E-07,0.000435605,0.000211109,0.000262014,6.16778E-05,5.58055E-06,0.000229524
966,6.85681E-07,0.000402193,0.000179608,0.000232156,6.15692E-05,5.56215E-06,0.000223861
967,5.94004E-07,0.000361369,0.000153465,0.000225932,6.06282E-05,5.48589E-06,0.000226753
968,5.73962E-07,0.000314556,0.000131038,0.000217294,6.06261E-05,5.3334E-06,0.000224228
969,5.88313E-07,0.000273153,0.000112742,0.00019706,6.02063E-05,5.04775E-06,0.000218572
970,5.67126E-07,0.000246569,9.68725E-05,0.000186916,5.81457E-05,5.14677E-06,0.000220608
971,4.98538E-07,0.000219079,8.34929E-05,0.0001938,5.84931E-05,5.53294E-06,0.000224557
972,4.83224E-07,0.000205205,7.27987E-05,0.000187722,5.70736E-05,5.68952E-06,0.000222892
973,5.22044E-07,0.000178049,6.34865E-05,0.000175876,5.64212E-05,5.743E-06,0.000220322
974,5.61704E-07,0.00015591,5.52622E-05,0.000188353,5.64818E-05,6.05147E-06,0.000222037
975,6.37873E-07,0.00014485,4.84483E-05,0.000189478,5.57215E-05,6.25533E-06,0.000224142
976,5.91266E-07,0.00013787,4.23189E-05,0.000186972,5.41963E-05,6.52068E-06,0.000225309
977,4.88298E-07,0.000139528,3.72041E-05,0.000178974,5.35419E-05,6.65875E-06,0.000233727
978,4.7493E-07,0.000128977,3.20592E-05,0.000168089,5.36329E-05,6.79427E-06,0.000256363
979,5.38329E-07,0.000125032,2.78792E-05,0.000161062,5.40414E-05,7.37224E-06,0.00028154
980,5.37321E-07,0.000119963,2.47088E-05,0.000155656,5.47546E-05,8.93277E-06,0.000302605
981,4.88259E-07,0.00011159,2.18178E-05,0.000157788,5.59262E-05,1.35854E-05,0.000314553
982,4.056E-07,0.000104855,1.90857E-05,0.000158619,5.58502E-05,2.38891E-05,0.000321745
983,3.32735E-07,0.000105527,1.70373E-05,0.000157483,5.57055E-05,4.22696E-05,0.000325776
984,3.92439E-07,0.000104937,1.58427E-05,0.000151007,5.43738E-05,6.88682E-05,0.000321903
985,4.02043E-07,0.000100548,1.45105E-05,0.000144173,5.36672E-05,9.57038E-05,0.000312811
986,4.10934E-07,8.70872E-05,1.25526E-05,0.000157191,5.5422E-05,0.000116339,0.000293508
987,4.49028E-07,8.55155E-05,1.09284E-05,0.000164404,5.41876E-05,0.000122148,0.000268009
988,4.04304E-07,9.01085E-05,1.07384E-05,0.000172225,5.37258E-05,0.000112223,0.000254018
989,3.88919E-07,7.8133E-05,1.09114E-05,0.000161317,5.32823E-05,9.12717E-05,0.000246756
990,4.53022E-07,8.15362E-05,1.0038E-05,0.000122443,5.38577E-05,6.77502E-05,0.000237904
991,4.70072E-07,8.75632E-05,8.89572E-06,0.000119146,5.4078E-05,4.72248E-05,0.000241919
992,4.80738E-07,7.7493E-05,8.19254E-06,0.000142963,5.40277E-05,3.27317E-05,0.000258043
993,4.38759E-07,7.37929E-05,8.29949E-06,0.000175687,5.50997E-05,2.46863E-05,0.000287826
994,4.06371E-07,7.82745E-05,8.51831E-06,0.000175092,5.47907E-05,2.22165E-05,0.000355595
995,4.97512E-07,9.60256E-05,8.23657E-06,0.000144123,5.44233E-05,3.03343E-05,0.00046676
996,5.13023E-07,0.000103954,7.86203E-06,0.00012621,5.47195E-05,5.33073E-05,0.000618201
997,5.39702E-07,9.39357E-05,7.39635E-06,0.00014239,5.40551E-05,9.01443E-05,0.000760019
998,5.23775E-07,8.90381E-05,7.98969E-06,0.00017239,5.36724E-05,0.000137257,0.000849382
999,4.3914E-07,8.59056E-05,8.61746E-06,0.000176043,5.44782E-05,0.000180099,0.000862721
1000,4.3644E-07,8.43318E-05,8.34425E-06,0.000147626,5.36543E-05,0.000204399,0.000804274
1001,5.17853E-07,8.48025E-05,7.92938E-06,0.000125908,5.40618E-05,0.000205889,0.000716356
1002,4.95232E-07,8.14706E-05,8.28956E-06,0.000150268,5.37929E-05,0.00018559,0.000614487
1003,4.26775E-07,8.97231E-05,8.6649E-06,0.000170228,5.26809E-05,0.000151242,0.000524072
1004,5.28395E-07,8.69811E-05,8.42561E-06,0.00016353,5.3098E-05,0.000120116,0.00045802
1005,6.26577E-07,7.35E-05,8.16449E-06,0.000157494,5.45545E-05,9.48649E-05,0.000418848
1006,5.81906E-07,7.78633E-05,8.38702E-06,0.000162117,5.39654E-05,7.61955E-05,0.000406521
1007,5.59993E-07,7.79237E-05,8.8303E-06,0.000171106,5.46193E-05,7.08016E-05,0.000413261
1008,5.49527E-07,7.49189E-05,8.87389E-06,0.000185211,5.45839E-05,7.45181E-05,0.000435865
1009,5.26115E-07,6.38685E-05,8.68581E-06,0.00019126,5.48465E-05,8.27762E-05,0.000473402
1010,5.34132E-07,6.51178E-05,8.89721E-06,0.00015669,5.53747E-05,9.91651E-05,0.000515209
1011,5.51904E-07,7.69061E-05,9.31538E-06,0.000140837,5.52436E-05,0.000125237,0.000559788
1012,5.81292E-07,7.93869E-05,8.85799E-06,0.000146547,5.37489E-05,0.00016026,0.000599705
1013,5.75721E-07,8.16582E-05,8.84031E-06,0.000150145,5.33372E-05,0.000203816,0.000638674
1014,5.88799E-07,8.00986E-05,9.2084E-06,0.000154849,5.29058E-05,0.000250636,0.000667635
1015,6.27099E-07,7.22998E-05,9.38383E-06,0.00015359,5.39254E-05,0.000292766,0.00068218
1016,5.63183E-07,7.07297E-05,9.12268E-06,0.000158093,5.45028E-05,0.000327523,0.000685483
1017,6.10604E-07,7.52798E-05,8.90539E-06,0.000146101,5.46265E-05,0.000344469,0.000685874
1018,6.12448E-07,7.40103E-05,9.01778E-06,0.000133612,5.57814E-05,0.000342802,0.000682696
1019,6.49308E-07,7.3617E-05,1.02881E-05,0.000151631,5.6003E-05,0.000328526,0.000673972
1020,6.94144E-07,7.24033E-05,1.07609E-05,0.000165916,5.5419E-05,0.000306048,0.000666094
1021,6.89006E-07,7.317E-05,9.73087E-06,0.000173283,5.52098E-05,0.00028306,0.00068277
1022,6.58662E-07,8.44611E-05,8.71775E-06,0.000154624,5.56757E-05,0.000264957,0.000727374
1023,6.878E-07,8.27786E-05,8.65501E-06,0.000129099,5.68856E-05,0.000255723,0.000804791
1024,7.65674E-07,7.80774E-05,9.51638E-06,0.000123601,5.71118E-05,0.000258565,0.000915107
1025,7.69398E-07,7.67532E-05,1.07867E-05,0.000148529,5.66097E-05,0.000280077,0.001070933
1026,7.01384E-07,7.50751E-05,1.107E-05,0.000155876,5.72934E-05,0.000320416,0.001275929
1027,7.08642E-07,8.17168E-05,9.4999E-06,0.000153274,5.73566E-05,0.000379771,0.001517928
1028,7.25873E-07,7.94314E-05,9.2461E-06,0.000146679,5.6975E-05,0.00045928,0.001781479
1029,6.88311E-07,7.76782E-05,1.04508E-05,0.000142248,5.77769E-05,0.000549867,0.002015612
1030,6.42244E-07,6.8233E-05,1.07312E-05,0.000154016,5.59987E-05,0.000632707,0.002178849
1031,6.78938E-07,6.03682E-05,1.04114E-05,0.000166748,5.4995E-05,0.000697831,0.00224708
1032,7.11333E-07,6.50513E-05,1.01426E-05,0.000168323,5.75368E-05,0.000733629,0.002213337
1033,6.94617E-07,7.04638E-05,1.06784E-05,0.00015101,5.69267E-05,0.000733541,0.002100404
1034,7.97938E-07,8.18131E-05,1.11972E-05,0.000142769,5.67334E-05,0.000697412,0.001944322
1035,8.5986E-07,8.07664E-05,1.07087E-05,0.000151279,5.7643E-05,0.000638734,0.001768005
1036,7.41636E-07,7.03545E-05,1.07369E-05,0.000161369,5.8074E-05,0.000572181,0.001593644
1037,7.4597E-07,7.09778E-05,1.17058E-05,0.00016566,5.76364E-05,0.000508526,0.001433316
1038,7.56407E-07,7.02218E-05,1.1472E-05,0.00017354,5.72014E-05,0.000451822,0.001314517
1039,7.54028E-07,7.84517E-05,1.09416E-05,0.000158906,5.72612E-05,0.000405483,0.00123832
1040,7.36141E-07,8.66487E-05,1.09453E-05,0.000139926,5.69613E-05,0.000372846,0.001185562
1041,7.64222E-07,8.80425E-05,1.13206E-05,0.000143143,5.79159E-05,0.000352372,0.001160097
1042,7.8942E-07,8.66447E-05,1.20832E-05,0.000155055,5.81654E-05,0.00034285,0.001158617
1043,7.36858E-07,8.38228E-05,1.21852E-05,0.000169934,5.87758E-05,0.000343127,0.001188318
1044,6.04592E-07,7.86301E-05,1.13498E-05,0.000157817,5.88809E-05,0.000351761,0.001245705
1045,5.73452E-07,7.90691E-05,1.07477E-05,0.000148017,5.92328E-05,0.000371105,0.001334579
1046,7.99442E-07,7.58712E-05,1.10075E-05,0.000153188,5.916E-05,0.000401801,0.00145845
1047,8.00492E-07,7.5607E-05,1.1219E-05,0.000169377,5.83285E-05,0.000444105,0.001611467
1048,6.44919E-07,7.61562E-05,1.09977E-05,0.000172057,5.84702E-05,0.000502288,0.001780747
1049,6.30976E-07,7.55499E-05,1.08871E-05,0.000149406,5.73635E-05,0.000577693,0.001961635
1050,6.2761E-07,7.70758E-05,1.06105E-05,0.000149294,5.78738E-05,0.00067358,0.002145748
1051,7.83036E-07,7.728E-05,1.06448E-05,0.000161151,5.7989E-05,0.000794406,0.002313506
1052,9.81014E-07,6.59659E-05,1.12245E-05,0.000154313,5.68903E-05,0.000929919,0.002447712
1053,8.39528E-07,5.62703E-05,1.08832E-05,0.000150906,5.82487E-05,0.001072522,0.002555266
1054,6.66866E-07,6.16392E-05,1.01227E-05,0.00015069,5.99149E-05,0.001208673,0.002637755
1055,6.6887E-07,6.53163E-05,9.78444E-06,0.000150882,5.87387E-05,0.001320347,0.002681901
1056,4.60485E-07,7.26562E-05,1.0493E-05,0.000145923,5.78341E-05,0.001400076,0.002696586
1057,4.49296E-07,7.16061E-05,1.01948E-05,0.000146717,5.96018E-05,0.001437835,0.00270264
1058,3.53704E-07,6.28095E-05,9.24759E-06,0.000152796,5.99599E-05,0.001433387,0.002728789
1059,2.64884E-07,6.80756E-05,9.30555E-06,0.000164965,6.00623E-05,0.001403765,0.002794062
1060,1.33803E-07,7.92613E-05,9.58562E-06,0.000165734,6.07989E-05,0.001362163,0.002920804
1061,1.06592E-07,7.33151E-05,9.55186E-06,0.000159255,6.01268E-05,0.0013252,0.003130928
1062,2.41415E-07,7.80095E-05,9.28329E-06,0.000161289,5.87735E-05,0.001305652,0.003445139
1063,1.90074E-07,7.54873E-05,9.34856E-06,0.000173563,6.02507E-05,0.001317157,0.003892572
1064,8.8084E-08,7.58064E-05,9.27666E-06,0.000160811,6.01875E-05,0.001371749,0.004478405
1065,1.27287E-07,7.77709E-05,9.58783E-06,0.000150697,5.69233E-05,0.001475728,0.005210718
1066,9.30272E-08,7.58452E-05,9.59859E-06,0.000150932,5.8588E-05,0.00163323,0.006071981
1067,4.13325E-08,7.28131E-05,8.81588E-06,0.000165695,5.93845E-05,0.001840938,0.00700777
1068,9.50143E-08,6.40167E-05,8.52052E-06,0.000173445,5.66093E-05,0.002087557,0.007900331
1069,1.06582E-07,7.1483E-05,9.08469E-06,0.000147962,5.73034E-05,0.00235058,0.008627667
1070,9.95588E-08,7.40087E-05,8.99857E-06,0.000136872,5.77971E-05,0.00259785,0.009100328
1071,2.8176E-07,7.20191E-05,8.43231E-06,0.000141195,5.79009E-05,0.002798066,0.009266273
1072,2.13729E-07,7.73408E-05,8.49455E-06,0.000175044,5.90838E-05,0.002919744,0.00914262
1073,1.83597E-07,7.39333E-05,8.58848E-06,0.000187459,5.90076E-05,0.002942032,0.008764541
1074,3.00395E-07,7.53545E-05,8.55484E-06,0.000161706,5.91327E-05,0.002873338,0.008231792
1075,3.30316E-07,7.15953E-05,8.11558E-06,0.000143364,5.83981E-05,0.00273652,0.00763061
1076,3.20368E-07,6.62532E-05,8.19189E-06,0.000132768,5.81299E-05,0.002560021,0.007025845
1077,2.18877E-07,7.78532E-05,8.44927E-06,0.000165027,5.85872E-05,0.002362494,0.006484798
1078,2.88204E-07,8.99984E-05,7.97997E-06,0.000188917,5.91824E-05,0.002173383,0.006035094
1079,1.47974E-07,8.48302E-05,7.46443E-06,0.000173841,5.92498E-05,0.002008353,0.005691381
1080,1.02594E-07,7.48109E-05,6.99351E-06,0.000153497,5.98807E-05,0.001876748,0.005265647
1081,1.73877E-07,6.27923E-05,6.62055E-06,0.000146381,6.06966E-05,0.001782288,0.004757375
1082,3.55228E-07,6.51017E-05,6.75722E-06,0.000164805,6.15011E-05,0.001698482,0.004516112
1083,5.30821E-07,6.87853E-05,6.65175E-06,0.000180431,6.2124E-05,0.001542571,0.004312529
1084,4.79772E-07,7.08308E-05,5.91906E-06,0.000185333,6.3652E-05,0.001383325,0.004077383
1085,4.42682E-07,7.87806E-05,6.28792E-06,0.000181368,6.45267E-05,0.001236999,0.0037299
1086,6.5719E-07,7.60053E-05,6.85361E-06,0.000146089,6.20809E-05,0.001112971,0.003601298
1087,6.10575E-07,7.12069E-05,5.97907E-06,0.000129574,6.08347E-05,0.00103025,0.003642426
1088,4.82019E-07,6.33312E-05,4.87154E-06,0.000143521,5.74945E-05,0.000949034,0.003475433
1089,3.75859E-07,6.15707E-05,5.30508E-06,0.000165602,5.32947E-05,0.000944241,0.003490735
1090,2.75E-07,5.31648E-05,6.27891E-06,0.00016152,4.9501E-05,0.000948448,0.003514009
1091,3.80633E-07,4.96107E-05,6.22255E-06,0.000128603,4.80923E-05,0.000853146,0.003660837
1092,4.98768E-07,5.58944E-05,4.91879E-06,0.000112177,4.45601E-05,0.000874026,0.003886493
1093,4.64714E-07,5.53999E-05,4.27773E-06,0.000113728,3.78157E-05,0.000903496,0.004157474
1094,6.43966E-07,5.06247E-05,4.1161E-06,0.000104072,3.23017E-05,0.00094064,0.004084394
1095,7.91861E-07,4.15084E-05,3.46713E-06,8.07499E-05,2.61006E-05,0.000972557,0.003685437
1096,7.35243E-07,3.2066E-05,2.64612E-06,5.42649E-05,1.95804E-05,0.000881373,0.003759708
1097,3.7463E-07,2.28568E-05,1.85631E-06,4.44208E-05,1.51457E-05,0.000784839,0.004065665
1098,3.21528E-07,1.56945E-05,1.78873E-06,3.51304E-05,8.85432E-06,0.000665357,0.004301422
1099,1.92383E-07,1.21537E-05,1.57744E-06,1.91849E-05,6.17269E-06,0.000529127,0.004109681
1100,6.45379E-08,6.96496E-06,1.39735E-06,1.4876E-05,5.54369E-06,0.00033682,0.00366527
