Wavelength,B1Blue,B2Green,B3Red,B4NIR
400,0.00006627,0.00001010,0.00001168,0.00000184
401,0.00006114,0.00001389,0.00001419,0.00000202
402,0.00005964,0.00001902,0.00001348,0.00000371
403,0.00006755,0.00001356,0.00000996,0.00000470
404,0.00007354,0.00001327,0.00001009,0.00000487
405,0.00007335,0.00002873,0.00001366,0.00000512
406,0.00007303,0.00003122,0.00003289,0.00000521
407,0.00006988,0.00002184,0.00001748,0.00000490
408,0.00006669,0.00002860,0.00002207,0.00000308
409,0.00006467,0.00002274,0.00002377,0.00000160
410,0.00008891,0.00006723,0.00002383,0.00000126
411,0.00010731,0.00008343,0.00002470,0.00000131
412,0.00006420,0.00001226,0.00001811,0.00000119
413,0.00008781,0.00006171,0.00001353,0.00000105
414,0.00008978,0.00005563,0.00001155,0.00000082
415,0.00008292,0.00004426,0.00001303,0.00000078
416,0.00008193,0.00004539,0.00001374,0.00000076
417,0.00005499,0.00000677,0.00001126,0.00000059
418,0.00008203,0.00002035,0.00000712,0.00000058
419,0.00011262,0.00001522,0.00000464,0.00000052
420,0.00009092,0.00000528,0.00000438,0.00000064
421,0.00010575,0.00001865,0.00000381,0.00000070
422,0.00013926,0.00001834,0.00000312,0.00000068
423,0.00016613,0.00002028,0.00000581,0.00000068
424,0.00019666,0.00001608,0.00000319,0.00000079
425,0.00019375,0.00000017,0.00000473,0.00000093
426,0.00021841,0.00000057,0.00000585,0.00000124
427,0.00033008,0.00001313,0.00000644,0.00000092
428,0.00059283,0.00001658,0.00000967,0.00000124
429,0.00096710,0.00000224,0.00000918,0.00000117
430,0.00120426,0.00001983,0.00000742,0.00000125
431,0.00143132,0.00001885,0.00001090,0.00000129
432,0.00190776,0.00001859,0.00001649,0.00000121
433,0.00246548,0.00001975,0.00002016,0.00000153
434,0.00314995,0.00000023,0.00001631,0.00000149
435,0.00393858,0.00000139,0.00001673,0.00000148
436,0.00502501,0.00001634,0.00001578,0.00000139
437,0.00693758,0.00001789,0.00001766,0.00000166
438,0.00995331,0.00000616,0.00002209,0.00000211
439,0.01395395,0.00002267,0.00003114,0.00000193
440,0.01816332,0.00001903,0.00003091,0.00000241
441,0.02248784,0.00001956,0.00001848,0.00000211
442,0.02806060,0.00001844,0.00003451,0.00000228
443,0.03582005,0.00000342,0.00003492,0.00000294
444,0.04774668,0.00001448,0.00004332,0.00000406
445,0.06795621,0.00001340,0.00004770,0.00000507
446,0.09842750,0.00000774,0.00004658,0.00001753
447,0.13108997,0.00001880,0.00004547,0.00062612
448,0.16221496,0.00001632,0.00004239,0.00099041
449,0.20486488,0.00001912,0.00005155,0.00038281
450,0.26488470,0.00001915,0.00005834,0.00084800
451,0.33784410,0.00000950,0.00006365,0.00090343
452,0.41558626,0.00000865,0.00005824,0.00098820
453,0.48567541,0.00000927,0.00004581,0.00100027
454,0.54882896,0.00001089,0.00003799,0.00030612
455,0.61466150,0.00001236,0.00003584,0.00003473
456,0.68475833,0.00001349,0.00003689,0.00002650
457,0.75228611,0.00001273,0.00003817,0.00002396
458,0.80736646,0.00001062,0.00003951,0.00002429
459,0.84246227,0.00000958,0.00004017,0.00002735
460,0.85754473,0.00000938,0.00003987,0.00003712
461,0.85841741,0.00000973,0.00003754,0.00005612
462,0.85407547,0.00000998,0.00003651,0.00007768
463,0.85129313,0.00001014,0.00003781,0.00008914
464,0.85144931,0.00001042,0.00003645,0.00009611
465,0.85321674,0.00001060,0.00003408,0.00010759
466,0.85405128,0.00001115,0.00003160,0.00011246
467,0.85387063,0.00001174,0.00003251,0.00011011
468,0.85555834,0.00001254,0.00003509,0.00009290
469,0.86252514,0.00001338,0.00003935,0.00006854
470,0.87558536,0.00001400,0.00004494,0.00005014
471,0.89251130,0.00001431,0.00005115,0.00003890
472,0.90900546,0.00001481,0.00005707,0.00003142
473,0.92154349,0.00001528,0.00006145,0.00002673
474,0.92918777,0.00001646,0.00006038,0.00002266
475,0.93306769,0.00001812,0.00005716,0.00002061
476,0.93515923,0.00001991,0.00005354,0.00002008
477,0.93666027,0.00002232,0.00004978,0.00002029
478,0.93739349,0.00002548,0.00004759,0.00002207
479,0.93661481,0.00002855,0.00004735,0.00002564
480,0.93379608,0.00003235,0.00005985,0.00003063
481,0.92929650,0.00003705,0.00006501,0.00003885
482,0.92442581,0.00004200,0.00005803,0.00004812
483,0.92058032,0.00004766,0.00006474,0.00005996
484,0.91895381,0.00005414,0.00006650,0.00007077
485,0.92090421,0.00006070,0.00006908,0.00007965
486,0.92631122,0.00006821,0.00006585,0.00008609
487,0.93455782,0.00007648,0.00005102,0.00008841
488,0.94463030,0.00008464,0.00003616,0.00008691
489,0.95473194,0.00009410,0.00002648,0.00008090
490,0.96364502,0.00010524,0.00002034,0.00007026
491,0.97043568,0.00011803,0.00001645,0.00005867
492,0.97436437,0.00013402,0.00001363,0.00004706
493,0.97495098,0.00015319,0.00001142,0.00003684
494,0.97200508,0.00017614,0.00000950,0.00002888
495,0.96636029,0.00020243,0.00000755,0.00002252
496,0.95962307,0.00023094,0.00000648,0.00001864
497,0.95371958,0.00026260,0.00000560,0.00001631
498,0.95061152,0.00029673,0.00000476,0.00001512
499,0.95192705,0.00033499,0.00000466,0.00001579
500,0.95818895,0.00038048,0.00000444,0.00001740
501,0.96856416,0.00043594,0.00000389,0.00002076
502,0.98070274,0.00050952,0.00000408,0.00002500
503,0.99142860,0.00061362,0.00000399,0.00002970
504,0.99788650,0.00076395,0.00000392,0.00003324
505,1.00000000,0.00097908,0.00000436,0.00003568
506,0.99910819,0.00126923,0.00000413,0.00003719
507,0.99808156,0.00163382,0.00000397,0.00003637
508,0.99650360,0.00207590,0.00000424,0.00003522
509,0.99314712,0.00261314,0.00000400,0.00003204
510,0.98404465,0.00327921,0.00000389,0.00002806
511,0.96550845,0.00413303,0.00000385,0.00002554
512,0.93867401,0.00526369,0.00000390,0.00002401
513,0.90804427,0.00684627,0.00000379,0.00002509
514,0.87480177,0.00915649,0.00000357,0.00002676
515,0.83387151,0.01267648,0.00000383,0.00003097
516,0.77606904,0.01800685,0.00000386,0.00003703
517,0.69859059,0.02585007,0.00000378,0.00004613
518,0.60871934,0.03667779,0.00000439,0.00006025
519,0.51759429,0.05118064,0.00000377,0.00007876
520,0.43125686,0.07035894,0.00000416,0.00010325
521,0.34977809,0.09617429,0.00000494,0.00012473
522,0.27392459,0.13094754,0.00000455,0.00014349
523,0.20473488,0.17727190,0.00000553,0.00015902
524,0.14738691,0.23641290,0.00000605,0.00017128
525,0.10459452,0.30751157,0.00000613,0.00017677
526,0.07555179,0.38790047,0.00000672,0.00017814
527,0.05654570,0.47436827,0.00000696,0.00017111
528,0.04380857,0.56468213,0.00000744,0.00016498
529,0.03477386,0.65643377,0.00000760,0.00016271
530,0.02793581,0.74674718,0.00000766,0.00016590
531,0.02225302,0.82841738,0.00000770,0.00017244
532,0.01751704,0.89713046,0.00000725,0.00018189
533,0.01359022,0.94858047,0.00000682,0.00018854
534,0.01046026,0.98476388,0.00000716,0.00019224
535,0.00814691,1.00572477,0.00000758,0.00019405
536,0.00649078,1.01799762,0.00000759,0.00019354
537,0.00530930,1.02241761,0.00000722,0.00018898
538,0.00446096,1.02351216,0.00000805,0.00018087
539,0.00383097,1.02270186,0.00000826,0.00017218
540,0.00333164,1.02115905,0.00000816,0.00016359
541,0.00292664,1.01965328,0.00000835,0.00015899
542,0.00257637,1.01731773,0.00000798,0.00015586
543,0.00225949,1.01540955,0.00000798,0.00015606
544,0.00198202,1.01129946,0.00000796,0.00015819
545,0.00172287,1.00955329,0.00000817,0.00016068
546,0.00150439,1.00573235,0.00000856,0.00016530
547,0.00130359,1.00407549,0.00000897,0.00016816
548,0.00113903,1.00164097,0.00000920,0.00017049
549,0.00099076,1.00130077,0.00000935,0.00017164
550,0.00086925,0.99962912,0.00000980,0.00017169
551,0.00076142,1.00130006,0.00001003,0.00017074
552,0.00067853,1.00140898,0.00000998,0.00017054
553,0.00060841,1.00384853,0.00001038,0.00016913
554,0.00055953,1.00599723,0.00001044,0.00016744
555,0.00051880,1.00910590,0.00001035,0.00016766
556,0.00049699,1.01051975,0.00001090,0.00016951
557,0.00047445,1.01099594,0.00001143,0.00017426
558,0.00045863,1.00890543,0.00001155,0.00018167
559,0.00044229,1.00483865,0.00001240,0.00019232
560,0.00042470,0.99901144,0.00001322,0.00020428
561,0.00040647,0.99220799,0.00001374,0.00021790
562,0.00038780,0.98468953,0.00001466,0.00023244
563,0.00035963,0.97823873,0.00001507,0.00024402
564,0.00033330,0.97314859,0.00001561,0.00025416
565,0.00029660,0.97022501,0.00001799,0.00026158
566,0.00027179,0.96868569,0.00001806,0.00026375
567,0.00024451,0.97004107,0.00001990,0.00026297
568,0.00022875,0.97166154,0.00002207,0.00026655
569,0.00021524,0.97626613,0.00002400,0.00026988
570,0.00021255,0.98067188,0.00002768,0.00027504
571,0.00021004,0.98683373,0.00003153,0.00028070
572,0.00021079,0.99219054,0.00003519,0.00028807
573,0.00021138,0.99666299,0.00003855,0.00030046
574,0.00021521,1.00000000,0.00004048,0.00031707
575,0.00021336,0.99912543,0.00004339,0.00033920
576,0.00021459,0.99696320,0.00004685,0.00036610
577,0.00020993,0.99036225,0.00004712,0.00039570
578,0.00020747,0.98384547,0.00004885,0.00043575
579,0.00019888,0.97519907,0.00005031,0.00048703
580,0.00019065,0.96391617,0.00005058,0.00053825
581,0.00018249,0.94573906,0.00005380,0.00057909
582,0.00017164,0.91096960,0.00006109,0.00060314
583,0.00016473,0.85904551,0.00006875,0.00061674
584,0.00015826,0.79290657,0.00008360,0.00061491
585,0.00015437,0.72361833,0.00010367,0.00059039
586,0.00015378,0.65257621,0.00013385,0.00054258
587,0.00015002,0.57623116,0.00017220,0.00047833
588,0.00015089,0.48870213,0.00021349,0.00039787
589,0.00015050,0.39405229,0.00025613,0.00031987
590,0.00015245,0.29840580,0.00029745,0.00025214
591,0.00015136,0.21347365,0.00033957,0.00019590
592,0.00015264,0.14739732,0.00038077,0.00015376
593,0.00015147,0.10143634,0.00042014,0.00012305
594,0.00015009,0.07106678,0.00045664,0.00010304
595,0.00014792,0.05101665,0.00049082,0.00008730
596,0.00014493,0.03753145,0.00052462,0.00007548
597,0.00014083,0.02803887,0.00057202,0.00006686
598,0.00013665,0.02107987,0.00064046,0.00006139
599,0.00013056,0.01582745,0.00073788,0.00005448
600,0.00012700,0.01178705,0.00088389,0.00005006
601,0.00012212,0.00868732,0.00109195,0.00004759
602,0.00011620,0.00634606,0.00138377,0.00004287
603,0.00011384,0.00461992,0.00179072,0.00003904
604,0.00010918,0.00337907,0.00234897,0.00003667
605,0.00010782,0.00250694,0.00310035,0.00003331
606,0.00010377,0.00189987,0.00409611,0.00003138
607,0.00010231,0.00147499,0.00539886,0.00002877
608,0.00010126,0.00117574,0.00764596,0.00002657
609,0.00010021,0.00096470,0.00982485,0.00002417
610,0.00009925,0.00080813,0.01250677,0.00002328
611,0.00009923,0.00069267,0.01576553,0.00002129
612,0.00009906,0.00060187,0.01971871,0.00002036
613,0.00009850,0.00053101,0.02460136,0.00001896
614,0.00009892,0.00046977,0.03076162,0.00001779
615,0.00009742,0.00041864,0.03870973,0.00001738
616,0.00009802,0.00037515,0.04932564,0.00001579
617,0.00009809,0.00033197,0.06405112,0.00001598
618,0.00009662,0.00029595,0.08527458,0.00001498
619,0.00009692,0.00026098,0.11683854,0.00001430
620,0.00009575,0.00022974,0.16336997,0.00001381
621,0.00009546,0.00020299,0.22811553,0.00001310
622,0.00009575,0.00017878,0.30778033,0.00001315
623,0.00009469,0.00015870,0.39105868,0.00001249
624,0.00009485,0.00014470,0.46939880,0.00001236
625,0.00009453,0.00012912,0.54633346,0.00001250
626,0.00009384,0.00012281,0.62987089,0.00001178
627,0.00009463,0.00011148,0.71765372,0.00001194
628,0.00009451,0.00010580,0.80227884,0.00001165
629,0.00009458,0.00010508,0.87400338,0.00001136
630,0.00009520,0.00009942,0.92669327,0.00001177
631,0.00009478,0.00009982,0.95728386,0.00001162
632,0.00009588,0.00009664,0.97246242,0.00001149
633,0.00009579,0.00009667,0.98093913,0.00001162
634,0.00009545,0.00009589,0.98815314,0.00001162
635,0.00009560,0.00009628,0.99512479,0.00001183
636,0.00009549,0.00009600,1.00000000,0.00001163
637,0.00009549,0.00009459,1.00071278,0.00001211
638,0.00009551,0.00009484,0.99509151,0.00001182
639,0.00009535,0.00009162,0.98322813,0.00001142
640,0.00009579,0.00009246,0.96618038,0.00001146
641,0.00009570,0.00008883,0.94726377,0.00001129
642,0.00009544,0.00008616,0.92911907,0.00001064
643,0.00009552,0.00008688,0.91427200,0.00001038
644,0.00009622,0.00008318,0.90407257,0.00001123
645,0.00009645,0.00008295,0.89868685,0.00001061
646,0.00009648,0.00008153,0.89729260,0.00001039
647,0.00009799,0.00008262,0.90048309,0.00001007
648,0.00009797,0.00008265,0.90619876,0.00001068
649,0.00009864,0.00008855,0.91486402,0.00001053
650,0.00009916,0.00009224,0.92548194,0.00001131
651,0.00010183,0.00008974,0.93716217,0.00001150
652,0.00010153,0.00010120,0.95109280,0.00001210
653,0.00010358,0.00010537,0.96341044,0.00001199
654,0.00010461,0.00010299,0.97756310,0.00001228
655,0.00010712,0.00011271,0.98873468,0.00001244
656,0.00010718,0.00011213,1.00002059,0.00001267
657,0.00011085,0.00011810,1.00784176,0.00001226
658,0.00011321,0.00011639,1.01361246,0.00001236
659,0.00011173,0.00011824,1.01518655,0.00001242
660,0.00011398,0.00011152,1.01365106,0.00001236
661,0.00011982,0.00011302,1.00889905,0.00001227
662,0.00011831,0.00010361,1.00094470,0.00001222
663,0.00012135,0.00010441,0.99098939,0.00001218
664,0.00012902,0.00009482,0.97907661,0.00001214
665,0.00012720,0.00009519,0.96736515,0.00001206
666,0.00013658,0.00008675,0.95491923,0.00001202
667,0.00013538,0.00008735,0.94403019,0.00001242
668,0.00014397,0.00008078,0.93408742,0.00001231
669,0.00014356,0.00008067,0.92588661,0.00001283
670,0.00015119,0.00007509,0.91979557,0.00001325
671,0.00015202,0.00007486,0.91551236,0.00001395
672,0.00015693,0.00006895,0.91345541,0.00001410
673,0.00015686,0.00006944,0.91406966,0.00001399
674,0.00015130,0.00006375,0.91586446,0.00001534
675,0.00015184,0.00006358,0.92112352,0.00001580
676,0.00013690,0.00005878,0.92637606,0.00001690
677,0.00013092,0.00005896,0.93343259,0.00001748
678,0.00013335,0.00005523,0.93977000,0.00001885
679,0.00011361,0.00005501,0.94511856,0.00001898
680,0.00010715,0.00005343,0.94655018,0.00001988
681,0.00010823,0.00005281,0.94482431,0.00002137
682,0.00009932,0.00005140,0.93695460,0.00002320
683,0.00009856,0.00005170,0.92470622,0.00002504
684,0.00009765,0.00005134,0.90515848,0.00002641
685,0.00009914,0.00005138,0.87651239,0.00002837
686,0.00010008,0.00005107,0.84722733,0.00003079
687,0.00010777,0.00005085,0.81626058,0.00003251
688,0.00010686,0.00005096,0.77926628,0.00003533
689,0.00011218,0.00005018,0.74095072,0.00003740
690,0.00012769,0.00005046,0.69853161,0.00004081
691,0.00012456,0.00004904,0.65530863,0.00004361
692,0.00014074,0.00004833,0.60957078,0.00004639
693,0.00014680,0.00004769,0.56408506,0.00004986
694,0.00014400,0.00004781,0.51760530,0.00005346
695,0.00015360,0.00004694,0.47150814,0.00005805
696,0.00015552,0.00004600,0.42482252,0.00006226
697,0.00015166,0.00004584,0.37706746,0.00006694
698,0.00015221,0.00004562,0.32909071,0.00007188
699,0.00014625,0.00004584,0.28093192,0.00007800
700,0.00014561,0.00004525,0.23513938,0.00008485
701,0.00013613,0.00004562,0.19289082,0.00009055
702,0.00013172,0.00004612,0.15584587,0.00010008
703,0.00013242,0.00004747,0.12438828,0.00010713
704,0.00012141,0.00004854,0.09857760,0.00011933
705,0.00012300,0.00004734,0.07759031,0.00012975
706,0.00011836,0.00004932,0.06074302,0.00014324
707,0.00010821,0.00004894,0.04708451,0.00015785
708,0.00010974,0.00005047,0.03618668,0.00017539
709,0.00010309,0.00004972,0.02749464,0.00019507
710,0.00010302,0.00005030,0.02064713,0.00021689
711,0.00010127,0.00005129,0.01533676,0.00024318
712,0.00009629,0.00004999,0.01131374,0.00027135
713,0.00009854,0.00005048,0.00832392,0.00030518
714,0.00009280,0.00004864,0.00613477,0.00034281
715,0.00009475,0.00004901,0.00454626,0.00039712
716,0.00009054,0.00004923,0.00340798,0.00044651
717,0.00009196,0.00004719,0.00258536,0.00050188
718,0.00008822,0.00004950,0.00199356,0.00056707
719,0.00008866,0.00004776,0.00156305,0.00063984
720,0.00008744,0.00005348,0.00125005,0.00072378
721,0.00008550,0.00005702,0.00101327,0.00081879
722,0.00008673,0.00005214,0.00085049,0.00092782
723,0.00008483,0.00006320,0.00071368,0.00105511
724,0.00008628,0.00005556,0.00062520,0.00120160
725,0.00008449,0.00007144,0.00054959,0.00137088
726,0.00009254,0.00005903,0.00049985,0.00156792
727,0.00008532,0.00005649,0.00047162,0.00180276
728,0.00009594,0.00007807,0.00043891,0.00207920
729,0.00008917,0.00004800,0.00042848,0.00240799
730,0.00009084,0.00004042,0.00040347,0.00280298
731,0.00010183,0.00005618,0.00038227,0.00327494
732,0.00009128,0.00002571,0.00035692,0.00384821
733,0.00010000,0.00003251,0.00033769,0.00454832
734,0.00008800,0.00002175,0.00030789,0.00540493
735,0.00009430,0.00000592,0.00029814,0.00645469
736,0.00008055,0.00001077,0.00024879,0.00774941
737,0.00008475,0.00000286,0.00021170,0.00936399
738,0.00007796,0.00000380,0.00018471,0.01137832
739,0.00007850,0.00000323,0.00013393,0.01388118
740,0.00007713,0.00000149,0.00012509,0.01700597
741,0.00007770,0.00000247,0.00007240,0.02092752
742,0.00007623,0.00000112,0.00006419,0.02586928
743,0.00007664,0.00000145,0.00003891,0.03206911
744,0.00007474,0.00000111,0.00003294,0.03985523
745,0.00007405,0.00000139,0.00002353,0.04956652
746,0.00007519,0.00000105,0.00002711,0.06173849
747,0.00007318,0.00000141,0.00001690,0.07680296
748,0.00007349,0.00000097,0.00001474,0.09550239
749,0.00007204,0.00000085,0.00001598,0.11837088
750,0.00007375,0.00000123,0.00001292,0.14615821
751,0.00007369,0.00000158,0.00001366,0.19110224
752,0.00007149,0.00000089,0.00001329,0.23178705
753,0.00007148,0.00000137,0.00001411,0.27801636
754,0.00007312,0.00000086,0.00002354,0.33031673
755,0.00007167,0.00000158,0.00009563,0.38771033
756,0.00007255,0.00000202,0.00012882,0.44914649
757,0.00007120,0.00000091,0.00011528,0.51370254
758,0.00007186,0.00000174,0.00001687,0.57939644
759,0.00007087,0.00000102,0.00015343,0.64484781
760,0.00007145,0.00000200,0.00012777,0.70835304
761,0.00007024,0.00000128,0.00015354,0.76788190
762,0.00007096,0.00000479,0.00024298,0.82252523
763,0.00007041,0.00000149,0.00015520,0.87063314
764,0.00007088,0.00000719,0.00024274,0.91086251
765,0.00006995,0.00000417,0.00012696,0.94360264
766,0.00007149,0.00000502,0.00014910,0.96734308
767,0.00006924,0.00000963,0.00000979,0.98447500
768,0.00007103,0.00000561,0.00000629,0.99402844
769,0.00006949,0.00000984,0.00000738,0.99904759
770,0.00007093,0.00000949,0.00000483,1.00000000
771,0.00006951,0.00000318,0.00000489,0.99829749
772,0.00007194,0.00000643,0.00000536,0.99534944
773,0.00007193,0.00000153,0.00000458,0.99113813
774,0.00006859,0.00000184,0.00000528,0.98712837
775,0.00006781,0.00000116,0.00000438,0.98344438
776,0.00007056,0.00000173,0.00000475,0.97955733
777,0.00006741,0.00000086,0.00000446,0.97683333
778,0.00006870,0.00000185,0.00000488,0.97381307
779,0.00006628,0.00000089,0.00000456,0.97171326
780,0.00006687,0.00000193,0.00000547,0.96937935
781,0.00006601,0.00000096,0.00000448,0.96682308
782,0.00006595,0.00000196,0.00000478,0.96494693
783,0.00006670,0.00000116,0.00000435,0.96155704
784,0.00006450,0.00000200,0.00000470,0.95914861
785,0.00006595,0.00000115,0.00000425,0.95524656
786,0.00006433,0.00000195,0.00000458,0.95141098
787,0.00006569,0.00000131,0.00000435,0.94725240
788,0.00006431,0.00000197,0.00000380,0.94238136
789,0.00006573,0.00000125,0.00000373,0.93805030
790,0.00006406,0.00000187,0.00000298,0.93299243
791,0.00006507,0.00000099,0.00000390,0.92787669
792,0.00006298,0.00000070,0.00000278,0.92261726
793,0.00006428,0.00000049,0.00000290,0.91765026
794,0.00006201,0.00000119,0.00000277,0.91344782
795,0.00006357,0.00000051,0.00000307,0.90866986
796,0.00006101,0.00000135,0.00000247,0.90481152
797,0.00006096,0.00000086,0.00000231,0.90031693
798,0.00006309,0.00000153,0.00000301,0.89720732
799,0.00006103,0.00000104,0.00000293,0.89342505
800,0.00006314,0.00000186,0.00000319,0.89040645
801,0.00006382,0.00000156,0.00000351,0.88745245
802,0.00006164,0.00000205,0.00000323,0.88446834
803,0.00006245,0.00000293,0.00000339,0.88140255
804,0.00006061,0.00000170,0.00000318,0.87825555
805,0.00005973,0.00000296,0.00000318,0.87487903
806,0.00006261,0.00000182,0.00000396,0.87077850
807,0.00005982,0.00000266,0.00000313,0.86665463
808,0.00006197,0.00000171,0.00000364,0.86193864
809,0.00005956,0.00000236,0.00000310,0.85704385
810,0.00006099,0.00000240,0.00000419,0.85203260
811,0.00005881,0.00000093,0.00000349,0.84608531
812,0.00005972,0.00000174,0.00000396,0.84067874
813,0.00006005,0.00000183,0.00000341,0.83464870
814,0.00005691,0.00000096,0.00000365,0.82847182
815,0.00005647,0.00000144,0.00000362,0.82237664
816,0.00005823,0.00000177,0.00000290,0.81646034
817,0.00005603,0.00000076,0.00000345,0.81067178
818,0.00005759,0.00000198,0.00000289,0.80547624
819,0.00005605,0.00000079,0.00000288,0.79996761
820,0.00005558,0.00000160,0.00000429,0.79538371
821,0.00005646,0.00000058,0.00000323,0.79048464
822,0.00005480,0.00000154,0.00000329,0.78593335
823,0.00005543,0.00000070,0.00000329,0.78246221
824,0.00005551,0.00000161,0.00000455,0.77854086
825,0.00005357,0.00000076,0.00000497,0.77505353
826,0.00005295,0.00000068,0.00000353,0.77183963
827,0.00005549,0.00000245,0.00000556,0.76834628
828,0.00005286,0.00000079,0.00000383,0.76559075
829,0.00005495,0.00000299,0.00000507,0.76238953
830,0.00005278,0.00000128,0.00000482,0.75915219
831,0.00005414,0.00000285,0.00000484,0.75631414
832,0.00005475,0.00000154,0.00000546,0.75288758
833,0.00005169,0.00000296,0.00000374,0.74984835
834,0.00005307,0.00000178,0.00000601,0.74648701
835,0.00005117,0.00000333,0.00000422,0.74311251
836,0.00005068,0.00000130,0.00000512,0.73936992
837,0.00005036,0.00000347,0.00000509,0.73559705
838,0.00005270,0.00000220,0.00000286,0.73163277
839,0.00004991,0.00000159,0.00000637,0.72765295
840,0.00005177,0.00000449,0.00000539,0.72334537
841,0.00005900,0.00000188,0.00000579,0.71892768
842,0.00004889,0.00000635,0.00000462,0.71424776
843,0.00006116,0.00000903,0.00000647,0.70932732
844,0.00005285,0.00000344,0.00000604,0.70417024
845,0.00006427,0.00001051,0.00000432,0.69865547
846,0.00005589,0.00000601,0.00000662,0.69314542
847,0.00006943,0.00000991,0.00000521,0.68706957
848,0.00006195,0.00001299,0.00000680,0.68120878
849,0.00007219,0.00000632,0.00001180,0.67553032
850,0.00007275,0.00001514,0.00000638,0.66989091
851,0.00006694,0.00000941,0.00000805,0.66440763
852,0.00007232,0.00001426,0.00000389,0.65922988
853,0.00006712,0.00000749,0.00001200,0.65415969
854,0.00007044,0.00001524,0.00001134,0.64965635
855,0.00006607,0.00000887,0.00000562,0.64537477
856,0.00007040,0.00000743,0.00001181,0.64153052
857,0.00007120,0.00001404,0.00000868,0.63820324
858,0.00006047,0.00000558,0.00001541,0.63506916
859,0.00006863,0.00001092,0.00001086,0.63264959
860,0.00006547,0.00001135,0.00001222,0.62992135
861,0.00005919,0.00000460,0.00000823,0.62726732
862,0.00006852,0.00001024,0.00000960,0.62445640
863,0.00005996,0.00000547,0.00000871,0.62156999
864,0.00006589,0.00001036,0.00001051,0.61847181
865,0.00006938,0.00000503,0.00001235,0.61501909
866,0.00006013,0.00001140,0.00000864,0.61133939
867,0.00007365,0.00000557,0.00001357,0.60744762
868,0.00006702,0.00001124,0.00001158,0.60314205
869,0.00007595,0.00000612,0.00001522,0.59883705
870,0.00008089,0.00001120,0.00001091,0.59425662
871,0.00006987,0.00000642,0.00001237,0.58928886
872,0.00008784,0.00001093,0.00000928,0.58381508
873,0.00007751,0.00000638,0.00000973,0.57719033
874,0.00009504,0.00001191,0.00000865,0.56857851
875,0.00010978,0.00000531,0.00001333,0.55699311
876,0.00008984,0.00000907,0.00000847,0.54163099
877,0.00012777,0.00000487,0.00001329,0.52202898
878,0.00010534,0.00000794,0.00000740,0.49847084
879,0.00014784,0.00000998,0.00000974,0.47191641
880,0.00012341,0.00000316,0.00001229,0.44270534
881,0.00017455,0.00000322,0.00001128,0.41155122
882,0.00018601,0.00001260,0.00000704,0.37843868
883,0.00015342,0.00000365,0.00001244,0.34304355
884,0.00020484,0.00000446,0.00000915,0.30590964
885,0.00017984,0.00001209,0.00001448,0.26730226
886,0.00018931,0.00000567,0.00001164,0.22805403
887,0.00022557,0.00001173,0.00000861,0.18974714
888,0.00022780,0.00000705,0.00001441,0.15369596
889,0.00021393,0.00001006,0.00000700,0.12145605
890,0.00022939,0.00000466,0.00001461,0.09413162
891,0.00023016,0.00000325,0.00001401,0.07189929
892,0.00021920,0.00000921,0.00001007,0.05457376
893,0.00021508,0.00000755,0.00001695,0.04144546
894,0.00022046,0.00000493,0.00002042,0.03158417
895,0.00020159,0.00000922,0.00002108,0.02425525
896,0.00021016,0.00000673,0.00003064,0.01879617
897,0.00018988,0.00001643,0.00003171,0.01470317
898,0.00019842,0.00001135,0.00004339,0.01163795
899,0.00017117,0.00001160,0.00004171,0.00930858
900,0.00018205,0.00002335,0.00005692,0.00744330
901,0.00015240,0.00001573,0.00007019,0.00607348
902,0.00014443,0.00002364,0.00007121,0.00501379
903,0.00015946,0.00001931,0.00007122,0.00413379
904,0.00014629,0.00002613,0.00008504,0.00347084
905,0.00012207,0.00002318,0.00007450,0.00293573
906,0.00013127,0.00001698,0.00008010,0.00250919
907,0.00010545,0.00001954,0.00008936,0.00215786
908,0.00011422,0.00001127,0.00008826,0.00186591
909,0.00009446,0.00001395,0.00008831,0.00163284
910,0.00009843,0.00001618,0.00009721,0.00142997
911,0.00008316,0.00000862,0.00009019,0.00127599
912,0.00008914,0.00001383,0.00008741,0.00112918
913,0.00008435,0.00000962,0.00008467,0.00102171
914,0.00006511,0.00000696,0.00007373,0.00091069
915,0.00007269,0.00000696,0.00006748,0.00083541
916,0.00006160,0.00000561,0.00006984,0.00075489
917,0.00006279,0.00000807,0.00005307,0.00069931
918,0.00005814,0.00000905,0.00004844,0.00063879
919,0.00005882,0.00000632,0.00005417,0.00059080
920,0.00005406,0.00000850,0.00004482,0.00055023
921,0.00005351,0.00000820,0.00004483,0.00050660
922,0.00005183,0.00001222,0.00003814,0.00047777
923,0.00005084,0.00000921,0.00003524,0.00044789
924,0.00004786,0.00001027,0.00002726,0.00041317
925,0.00004877,0.00001204,0.00002455,0.00039493
926,0.00004859,0.00001323,0.00002566,0.00035947
927,0.00004583,0.00001373,0.00002043,0.00033744
928,0.00004279,0.00001579,0.00001759,0.00031989
929,0.00004263,0.00001521,0.00001473,0.00028719
930,0.00004130,0.00002156,0.00001512,0.00027707
931,0.00004093,0.00001894,0.00001132,0.00025430
932,0.00004059,0.00002375,0.00000862,0.00023132
933,0.00004012,0.00002243,0.00001262,0.00022543
934,0.00004037,0.00002409,0.00000857,0.00019537
935,0.00004396,0.00002019,0.00000918,0.00018380
936,0.00004304,0.00002182,0.00000689,0.00016713
937,0.00004054,0.00001452,0.00000671,0.00014542
938,0.00004200,0.00001755,0.00000434,0.00013876
939,0.00004073,0.00001475,0.00000648,0.00011616
940,0.00004199,0.00000805,0.00000513,0.00011019
941,0.00004077,0.00001071,0.00000748,0.00009086
942,0.00004125,0.00000537,0.00000691,0.00009183
943,0.00003820,0.00000682,0.00000789,0.00006774
944,0.00003723,0.00000663,0.00000754,0.00006181
945,0.00003610,0.00000526,0.00000715,0.00006360
946,0.00003503,0.00000418,0.00000806,0.00004633
947,0.00003232,0.00000477,0.00000701,0.00005224
948,0.00003214,0.00000426,0.00000449,0.00003735
949,0.00003263,0.00000405,0.00000640,0.00003902
950,0.00003065,0.00000367,0.00000595,0.00002393
951,0.00003127,0.00000399,0.00000877,0.00003180
952,0.00002955,0.00000340,0.00000724,0.00001716
953,0.00002956,0.00000339,0.00000837,0.00001762
954,0.00002840,0.00000169,0.00000733,0.00002033
955,0.00002896,0.00000178,0.00000815,0.00001262
956,0.00002780,0.00000242,0.00000621,0.00001259
957,0.00002805,0.00000171,0.00000755,0.00001118
958,0.00002680,0.00000172,0.00000444,0.00001421
959,0.00002585,0.00000233,0.00000580,0.00000830
960,0.00002704,0.00000182,0.00000524,0.00001294
961,0.00002540,0.00000230,0.00000343,0.00000699
962,0.00002576,0.00000204,0.00000356,0.00000782
963,0.00002438,0.00000245,0.00000340,0.00000718
964,0.00002409,0.00000243,0.00000361,0.00000642
965,0.00002110,0.00000136,0.00000245,0.00000548
966,0.00002288,0.00000259,0.00000146,0.00000427
967,0.00001930,0.00000105,0.00000232,0.00000417
968,0.00002147,0.00000239,0.00000165,0.00000440
969,0.00001830,0.00000090,0.00000168,0.00000377
970,0.00001907,0.00000213,0.00000491,0.00000253
971,0.00001917,0.00000104,0.00000168,0.00000456
972,0.00001634,0.00000226,0.00000411,0.00000202
973,0.00001778,0.00000088,0.00000122,0.00000373
974,0.00001705,0.00000229,0.00000367,0.00000325
975,0.00001506,0.00000065,0.00000244,0.00000341
976,0.00001555,0.00000246,0.00000179,0.00000232
977,0.00001544,0.00000063,0.00000395,0.00000301
978,0.00001376,0.00000238,0.00000177,0.00000117
979,0.00001432,0.00000072,0.00000108,0.00000319
980,0.00001256,0.00000210,0.00000330,0.00000169
981,0.00001321,0.00000091,0.00000166,0.00000286
982,0.00001143,0.00000122,0.00000258,0.00000184
983,0.00001207,0.00000184,0.00000204,0.00000260
984,0.00001040,0.00000177,0.00000054,0.00000212
985,0.00001079,0.00000066,0.00000259,0.00000293
986,0.00001077,0.00000153,0.00000133,0.00000175
987,0.00000938,0.00000065,0.00000205,0.00000229
988,0.00000992,0.00000147,0.00000101,0.00000126
989,0.00000926,0.00000054,0.00000210,0.00000232
990,0.00000875,0.00000145,0.00000084,0.00000099
991,0.00000915,0.00000023,0.00000090,0.00000250
992,0.00000791,0.00000134,0.00000176,0.00000135
993,0.00000858,0.00000029,0.00000079,0.00000090
994,0.00000757,0.00000141,0.00000165,0.00000289
995,0.00000885,0.00000045,0.00000071,0.00000070
996,0.00000740,0.00000127,0.00000173,0.00000210
997,0.00000859,0.00000146,0.00000070,0.00000118
998,0.00000871,0.00000040,0.00000043,0.00000072
999,0.00000732,0.00000142,0.00000056,0.00000182
1000,0.00000711,0.00000038,0.00000159,0.00000111
