Wavelength,Panchromatic,NIR1,Red,Green,Blue,Red Edge,Yellow,Coastal,NIR2
350,3.954E-08,2.747E-08,4.428E-08,8.512E-09,2.547E-08,1.734E-09,3.724E-10,2.853E-08,4.468E-07
351,5.145E-08,2.034E-08,4.117E-08,9.219E-09,2.559E-08,2.593E-09,1.970E-09,2.721E-08,3.891E-07
352,3.176E-08,1.819E-08,4.303E-08,5.395E-09,2.209E-08,2.549E-09,3.526E-09,2.527E-08,3.362E-07
353,3.039E-08,1.483E-08,3.938E-08,3.767E-09,1.973E-08,1.463E-09,1.246E-09,1.951E-08,3.055E-07
354,3.322E-08,1.069E-08,2.078E-08,4.972E-09,1.585E-08,1.604E-09,7.437E-10,1.395E-08,2.544E-07
355,1.996E-08,1.257E-08,1.219E-08,3.965E-09,1.408E-08,1.972E-09,3.617E-10,1.713E-08,2.903E-07
356,2.352E-08,1.412E-08,8.022E-09,2.733E-09,1.321E-08,1.398E-09,2.732E-11,2.373E-08,2.976E-07
357,1.766E-08,9.771E-09,1.580E-08,3.097E-09,1.093E-08,1.513E-09,4.286E-10,1.471E-08,2.419E-07
358,2.277E-08,1.081E-08,1.872E-08,2.380E-09,9.297E-09,6.588E-10,2.457E-10,1.638E-08,1.714E-07
359,1.695E-08,9.194E-09,7.888E-09,1.695E-09,1.204E-08,1.387E-09,1.937E-12,1.445E-08,2.000E-07
360,1.447E-08,7.777E-09,2.204E-09,3.286E-09,9.789E-09,7.710E-10,1.664E-12,1.362E-08,2.029E-07
361,1.575E-08,7.967E-09,4.898E-10,3.437E-09,8.128E-09,1.277E-09,8.398E-10,9.459E-09,1.494E-07
362,1.404E-08,1.032E-08,2.505E-09,1.502E-09,1.029E-08,2.125E-09,3.432E-10,1.073E-08,1.128E-07
363,1.651E-08,9.948E-09,9.299E-09,2.732E-09,1.082E-08,1.348E-09,5.532E-11,1.096E-08,1.368E-07
364,1.288E-08,7.997E-09,1.506E-08,1.886E-09,9.316E-09,8.974E-10,3.273E-11,1.065E-08,1.003E-07
365,1.440E-08,1.057E-08,8.087E-09,2.198E-09,7.716E-09,1.033E-09,1.723E-12,1.243E-08,7.409E-08
366,1.494E-08,1.092E-08,1.705E-09,1.944E-09,1.159E-08,3.588E-10,1.851E-12,1.483E-08,1.316E-07
367,1.944E-08,9.851E-09,1.750E-09,1.937E-09,8.292E-09,4.759E-10,1.944E-12,1.419E-08,2.066E-07
368,1.383E-08,8.800E-09,1.648E-09,4.062E-09,8.588E-09,3.092E-10,2.007E-12,1.244E-08,2.941E-07
369,2.236E-08,8.208E-09,3.405E-09,3.888E-09,8.486E-09,4.737E-10,9.997E-10,1.267E-08,2.772E-07
370,1.719E-08,1.103E-08,1.934E-08,3.802E-09,1.349E-08,2.025E-10,4.251E-10,1.434E-08,2.712E-07
371,2.487E-08,1.421E-08,1.652E-08,1.871E-09,9.480E-09,6.529E-10,2.477E-12,1.553E-08,2.167E-07
372,3.404E-08,3.743E-08,8.017E-09,5.692E-09,1.305E-08,1.389E-09,2.803E-12,2.480E-08,2.077E-07
373,3.154E-08,1.822E-07,2.091E-09,2.919E-09,1.536E-08,2.915E-09,3.191E-12,2.312E-08,2.707E-07
374,4.711E-08,4.742E-07,3.720E-08,6.795E-09,1.729E-08,7.329E-09,2.859E-10,2.320E-08,2.292E-07
375,6.076E-08,6.972E-07,5.136E-08,1.105E-08,2.445E-08,5.055E-09,1.193E-10,2.630E-08,1.797E-07
376,4.208E-08,6.166E-07,1.939E-08,7.555E-09,3.993E-08,4.732E-09,4.668E-12,3.985E-08,1.719E-07
377,6.723E-08,4.540E-07,2.522E-09,9.645E-09,6.850E-08,8.599E-09,5.216E-09,1.060E-07,1.272E-07
378,7.151E-08,2.734E-07,3.441E-08,8.358E-09,8.669E-08,1.047E-08,2.168E-09,2.845E-07,1.701E-07
379,7.484E-08,1.678E-07,4.742E-08,1.248E-08,6.901E-08,6.844E-09,7.097E-12,6.643E-07,2.467E-07
380,8.415E-08,1.167E-07,1.974E-08,8.856E-09,3.935E-08,1.606E-09,8.009E-12,1.624E-06,2.892E-07
381,8.209E-08,9.482E-08,1.607E-08,9.788E-09,3.436E-08,6.871E-09,8.997E-12,3.941E-06,5.303E-07
382,9.800E-08,7.830E-08,9.913E-08,1.320E-08,5.047E-08,7.441E-09,1.000E-11,7.965E-06,5.258E-07
383,1.223E-07,8.742E-08,8.761E-08,1.710E-08,4.618E-08,2.643E-08,1.102E-11,1.400E-05,4.743E-07
384,1.132E-07,9.481E-08,2.749E-08,1.333E-08,4.326E-08,6.599E-08,1.199E-11,2.116E-05,5.130E-07
385,9.651E-08,9.531E-08,1.187E-08,3.120E-08,7.683E-08,6.735E-08,1.295E-11,3.004E-05,7.498E-07
386,1.217E-07,9.701E-08,1.086E-07,1.179E-08,5.814E-08,4.092E-08,6.365E-09,5.481E-05,9.884E-07
387,1.786E-07,9.016E-08,1.317E-07,2.259E-08,5.725E-08,2.266E-08,5.773E-09,9.332E-05,1.175E-06
388,1.353E-07,1.531E-07,3.895E-08,2.104E-08,8.179E-08,2.222E-08,1.202E-09,1.400E-04,1.033E-06
389,1.614E-07,2.137E-07,1.045E-08,2.700E-08,9.867E-08,2.732E-08,1.671E-11,2.271E-04,8.840E-07
390,1.686E-07,3.900E-07,7.512E-08,3.001E-08,9.361E-08,2.616E-08,1.767E-11,4.750E-04,2.961E-07
391,2.292E-07,9.692E-07,1.379E-07,1.863E-08,9.084E-08,1.659E-08,1.864E-11,8.615E-04,7.463E-07
392,1.394E-07,1.229E-06,9.423E-08,1.867E-08,1.191E-07,8.549E-09,1.947E-11,1.464E-03,7.026E-07
393,2.140E-07,9.545E-07,7.233E-08,2.952E-08,1.446E-07,2.861E-09,2.022E-11,2.530E-03,1.524E-07
394,2.415E-07,4.918E-07,8.332E-08,3.470E-08,1.311E-07,6.675E-08,2.115E-11,6.736E-03,1.564E-09
395,2.486E-07,2.145E-07,2.002E-07,3.956E-08,1.924E-07,2.180E-07,2.548E-08,1.858E-02,3.410E-11
396,2.803E-07,1.998E-07,2.195E-07,9.496E-09,2.655E-07,3.262E-07,6.224E-08,3.462E-02,1.833E-08
397,2.309E-07,2.005E-07,1.231E-07,9.942E-09,3.815E-07,1.941E-07,7.919E-08,5.329E-02,1.920E-08
398,2.964E-07,2.017E-07,3.752E-07,2.104E-08,5.543E-07,6.963E-08,3.731E-08,1.240E-01,3.880E-08
399,2.897E-07,3.014E-07,7.349E-07,1.507E-08,7.808E-07,3.868E-08,1.903E-08,2.136E-01,3.885E-08
400,3.441E-07,4.061E-07,6.226E-07,4.508E-08,9.348E-07,5.503E-08,3.767E-09,3.051E-01,9.174E-08
401,3.859E-07,9.512E-07,3.992E-07,1.685E-08,9.471E-07,5.571E-08,4.572E-09,3.995E-01,6.871E-08
402,3.470E-07,2.689E-06,3.927E-07,1.197E-08,9.555E-07,5.739E-08,4.171E-08,4.672E-01,1.291E-08
403,3.604E-07,4.061E-06,2.035E-07,2.892E-08,1.247E-06,2.062E-08,9.512E-08,5.295E-01,4.490E-09
404,2.970E-07,2.785E-06,2.188E-07,2.754E-08,1.643E-06,2.433E-08,1.093E-07,5.575E-01,2.799E-07
405,3.800E-07,8.632E-07,5.243E-07,5.872E-08,2.066E-06,1.915E-08,1.030E-07,5.759E-01,4.504E-07
406,4.526E-07,2.813E-07,1.069E-06,3.870E-08,2.348E-06,1.275E-08,5.160E-08,5.903E-01,9.615E-08
407,6.321E-07,2.550E-07,1.275E-06,1.240E-08,2.500E-06,2.410E-09,1.309E-08,6.032E-01,7.731E-08
408,6.616E-07,2.445E-07,8.349E-07,4.041E-08,2.625E-06,9.842E-09,1.334E-09,6.205E-01,2.011E-08
409,7.431E-07,2.580E-07,8.923E-07,3.531E-08,2.873E-06,6.036E-08,4.414E-08,6.392E-01,2.558E-10
410,7.718E-07,2.537E-07,7.723E-07,2.264E-08,3.487E-06,2.531E-07,8.442E-08,6.488E-01,5.152E-11
411,8.147E-07,3.581E-07,6.399E-07,2.654E-08,4.119E-06,4.487E-07,2.705E-08,6.556E-01,8.161E-08
412,8.278E-07,3.624E-07,6.761E-07,6.930E-08,4.539E-06,3.396E-07,1.624E-08,6.685E-01,1.940E-08
413,9.634E-07,4.762E-07,4.915E-07,2.102E-08,4.770E-06,1.069E-07,8.944E-09,6.828E-01,5.401E-08
414,1.226E-06,1.172E-06,1.967E-07,5.183E-08,5.565E-06,2.620E-08,1.327E-09,6.976E-01,3.325E-08
415,1.682E-06,2.601E-06,2.246E-07,3.129E-08,7.136E-06,2.469E-08,3.765E-11,7.126E-01,5.357E-09
416,2.116E-06,2.834E-06,5.192E-07,4.540E-08,9.014E-06,9.154E-09,3.816E-11,7.271E-01,5.830E-11
417,2.270E-06,1.814E-06,6.001E-07,4.307E-08,1.088E-05,7.416E-09,3.865E-11,7.414E-01,5.878E-11
418,2.365E-06,8.280E-07,4.531E-07,3.336E-08,1.219E-05,7.545E-09,1.599E-09,7.548E-01,5.106E-08
419,2.527E-06,5.640E-07,8.733E-07,5.755E-08,1.367E-05,1.323E-09,1.936E-08,7.677E-01,5.776E-08
420,3.064E-06,5.322E-07,1.223E-06,3.848E-08,1.613E-05,3.227E-11,3.982E-09,7.785E-01,7.190E-08
421,4.066E-06,6.672E-07,1.099E-06,2.831E-08,2.031E-05,4.009E-08,4.139E-11,7.886E-01,4.048E-08
422,5.955E-06,1.429E-06,1.125E-06,5.104E-08,2.599E-05,2.809E-08,4.968E-10,7.970E-01,7.339E-09
423,8.238E-06,2.455E-06,1.919E-06,4.511E-08,3.151E-05,2.599E-08,1.320E-10,8.056E-01,1.742E-08
424,1.049E-05,3.043E-06,2.653E-06,2.262E-08,3.720E-05,4.345E-08,3.057E-10,8.171E-01,3.378E-09
425,1.208E-05,2.361E-06,2.287E-06,4.713E-08,4.647E-05,8.627E-08,8.455E-09,8.285E-01,6.095E-11
426,1.294E-05,1.357E-06,1.243E-06,7.330E-08,6.427E-05,5.838E-08,6.420E-08,8.408E-01,2.027E-09
427,1.455E-05,7.564E-07,8.547E-07,3.390E-08,9.156E-05,4.591E-08,2.163E-07,8.533E-01,4.228E-10
428,1.876E-05,5.799E-07,8.249E-07,3.275E-08,1.239E-04,1.940E-08,2.723E-07,8.643E-01,4.578E-08
429,2.784E-05,4.762E-07,7.387E-07,6.257E-08,1.557E-04,1.795E-08,3.196E-07,8.748E-01,5.184E-08
430,4.435E-05,6.563E-07,4.069E-07,4.374E-08,1.869E-04,9.756E-09,1.994E-07,8.819E-01,3.650E-08
431,6.799E-05,1.206E-06,4.131E-07,1.496E-08,2.243E-04,2.071E-08,5.794E-08,8.884E-01,5.442E-08
432,9.485E-05,1.656E-06,3.255E-07,4.005E-08,2.872E-04,1.013E-08,5.385E-09,8.865E-01,3.988E-07
433,1.189E-04,1.230E-06,4.521E-07,4.849E-08,3.911E-04,2.189E-08,4.005E-08,8.830E-01,6.511E-07
434,1.404E-04,6.707E-07,4.328E-07,4.440E-08,5.446E-04,1.189E-08,6.473E-09,8.883E-01,3.684E-07
435,1.700E-04,4.496E-07,3.806E-07,5.054E-08,7.573E-04,1.693E-08,4.849E-11,8.950E-01,7.886E-07
436,2.323E-04,4.514E-07,4.148E-07,6.617E-08,1.057E-03,2.464E-08,4.892E-11,9.073E-01,1.016E-06
437,3.700E-04,5.490E-07,8.713E-07,9.915E-08,1.534E-03,6.035E-08,4.936E-11,9.206E-01,7.336E-07
438,6.451E-04,5.208E-07,6.432E-07,1.894E-08,2.333E-03,5.944E-08,5.004E-11,9.350E-01,2.619E-07
439,1.112E-03,5.891E-07,3.633E-07,6.314E-08,3.519E-03,4.007E-08,2.113E-07,9.497E-01,2.349E-08
440,1.743E-03,7.303E-07,4.483E-07,1.176E-07,5.096E-03,1.684E-08,9.282E-07,9.621E-01,3.297E-08
441,2.459E-03,6.139E-07,1.062E-06,9.294E-08,7.270E-03,3.302E-08,1.317E-06,9.738E-01,2.948E-07
442,3.264E-03,6.365E-07,7.008E-07,9.717E-08,1.060E-02,1.730E-08,7.515E-07,9.823E-01,3.933E-08
443,4.435E-03,1.163E-06,3.493E-07,9.048E-08,1.780E-02,2.531E-08,1.583E-07,9.905E-01,1.001E-07
444,1.831E-02,1.676E-06,4.160E-07,2.094E-07,3.397E-02,6.698E-08,1.049E-08,9.953E-01,7.661E-07
445,4.257E-02,1.857E-06,7.538E-07,2.074E-07,5.124E-02,2.064E-07,1.219E-08,1.000E+00,3.320E-07
446,6.437E-02,1.321E-06,4.393E-07,2.579E-07,7.669E-02,3.135E-07,1.214E-09,9.749E-01,1.333E-07
447,8.634E-02,6.413E-07,3.325E-07,2.123E-07,1.036E-01,1.759E-07,5.002E-11,9.453E-01,1.281E-08
448,1.085E-01,3.711E-07,5.784E-07,1.888E-07,1.692E-01,6.178E-08,5.455E-11,8.113E-01,5.577E-08
449,1.368E-01,3.214E-07,9.651E-07,2.831E-07,2.399E-01,5.701E-08,6.946E-08,6.636E-01,2.950E-07
450,1.978E-01,4.462E-07,6.132E-07,3.524E-07,3.639E-01,4.272E-08,3.740E-07,4.743E-01,4.225E-07
451,2.593E-01,5.741E-07,4.680E-07,3.650E-07,4.951E-01,4.868E-08,7.595E-07,2.787E-01,1.223E-06
452,3.213E-01,5.593E-07,3.765E-07,2.894E-07,5.781E-01,3.917E-08,4.288E-07,1.712E-01,8.174E-07
453,3.835E-01,5.468E-07,4.390E-07,2.136E-07,6.557E-01,1.033E-07,6.699E-08,7.256E-02,1.321E-06
454,4.376E-01,5.222E-07,7.449E-07,3.650E-07,7.024E-01,3.976E-07,3.136E-09,4.246E-02,1.775E-06
455,4.516E-01,4.956E-07,5.318E-07,5.823E-07,7.466E-01,1.002E-06,5.626E-11,1.975E-02,1.433E-06
456,4.658E-01,4.658E-07,4.813E-07,6.853E-07,7.654E-01,1.643E-06,2.427E-08,1.006E-02,6.086E-07
457,4.798E-01,4.913E-07,8.491E-07,5.224E-07,7.812E-01,1.501E-06,4.629E-09,4.716E-03,1.618E-06
458,4.938E-01,5.134E-07,7.796E-07,3.686E-07,7.898E-01,8.641E-07,3.229E-08,2.800E-03,1.336E-06
459,5.067E-01,5.231E-07,4.018E-07,3.152E-07,7.980E-01,4.119E-07,1.355E-08,1.648E-03,6.444E-07
460,5.137E-01,5.665E-07,2.273E-07,3.798E-07,8.029E-01,5.620E-07,7.961E-09,1.079E-03,9.284E-08
461,5.205E-01,5.686E-07,5.869E-07,4.125E-07,8.071E-01,1.554E-06,6.411E-10,6.577E-04,1.094E-06
462,5.275E-01,5.114E-07,1.191E-06,3.683E-07,8.133E-01,2.809E-06,5.834E-11,4.164E-04,2.384E-06
463,5.350E-01,4.850E-07,7.463E-07,2.704E-07,8.205E-01,2.980E-06,5.874E-11,2.679E-04,1.586E-06
464,5.409E-01,5.394E-07,9.053E-07,2.205E-07,8.235E-01,2.183E-06,5.918E-11,1.805E-04,2.785E-06
465,5.401E-01,7.392E-07,8.473E-07,2.168E-07,8.251E-01,1.235E-06,5.956E-11,9.589E-05,2.968E-06
466,5.392E-01,2.780E-06,7.682E-07,2.601E-07,8.224E-01,5.708E-07,5.984E-11,8.117E-05,2.735E-06
467,5.386E-01,9.762E-06,1.060E-06,4.211E-07,8.200E-01,2.627E-07,6.016E-11,6.016E-05,1.691E-06
468,5.383E-01,1.538E-05,5.364E-07,5.698E-07,8.274E-01,2.179E-07,6.035E-11,3.858E-05,1.766E-06
469,5.387E-01,1.352E-05,6.116E-07,5.490E-07,8.355E-01,3.727E-07,3.450E-08,2.490E-05,2.614E-06
470,5.417E-01,6.318E-06,5.796E-07,4.566E-07,8.399E-01,5.971E-07,1.880E-09,1.604E-05,2.885E-06
471,5.444E-01,1.912E-06,4.726E-07,3.712E-07,8.437E-01,5.202E-07,5.563E-11,1.115E-05,1.130E-06
472,5.472E-01,7.665E-07,4.320E-07,3.324E-07,8.497E-01,2.367E-07,5.568E-11,9.242E-06,1.439E-06
473,5.504E-01,5.798E-07,8.732E-07,4.485E-07,8.564E-01,7.958E-08,5.577E-11,7.105E-06,8.075E-07
474,5.527E-01,6.846E-07,1.308E-06,5.683E-07,8.668E-01,2.291E-08,6.083E-11,5.860E-06,5.892E-07
475,5.516E-01,6.511E-07,1.063E-06,6.864E-07,8.767E-01,8.654E-09,6.106E-11,4.200E-06,2.622E-08
476,5.504E-01,6.582E-07,1.447E-06,5.360E-07,8.766E-01,3.986E-10,6.139E-11,3.903E-06,8.465E-08
477,5.496E-01,7.196E-07,1.795E-06,4.103E-07,8.765E-01,1.545E-08,6.176E-11,3.250E-06,3.706E-09
478,5.488E-01,7.338E-07,1.483E-06,3.560E-07,8.824E-01,6.698E-10,1.627E-09,2.452E-06,1.473E-08
479,5.486E-01,8.470E-07,1.456E-06,2.960E-07,8.879E-01,1.432E-09,5.368E-09,2.161E-06,2.013E-07
480,5.513E-01,1.245E-06,6.065E-07,3.108E-07,8.946E-01,1.618E-09,2.475E-10,1.500E-06,9.268E-07
481,5.544E-01,2.278E-06,5.920E-07,3.903E-07,9.019E-01,4.564E-09,6.265E-11,1.220E-06,1.645E-06
482,5.577E-01,7.729E-06,7.055E-07,5.191E-07,8.992E-01,1.410E-09,4.831E-08,8.243E-07,9.140E-07
483,5.610E-01,2.202E-05,1.139E-06,6.324E-07,8.960E-01,1.202E-08,2.665E-09,7.344E-07,1.822E-06
484,5.630E-01,3.425E-05,3.762E-07,6.792E-07,8.973E-01,6.751E-09,9.539E-11,4.907E-07,7.605E-07
485,5.615E-01,2.316E-05,2.962E-07,5.956E-07,8.985E-01,3.679E-08,1.568E-08,4.823E-07,1.018E-07
486,5.602E-01,7.554E-06,7.684E-07,5.638E-07,9.050E-01,1.690E-08,3.916E-10,5.064E-07,4.417E-08
487,5.592E-01,1.719E-06,1.796E-06,5.372E-07,9.122E-01,1.101E-08,6.445E-11,4.092E-07,3.613E-07
488,5.583E-01,1.049E-06,2.083E-06,5.584E-07,9.252E-01,6.094E-09,3.125E-08,4.141E-07,1.783E-07
489,5.584E-01,8.387E-07,1.562E-06,6.140E-07,9.381E-01,4.942E-09,3.574E-08,3.932E-07,1.975E-07
490,5.620E-01,8.003E-07,5.923E-07,8.364E-07,9.500E-01,1.058E-08,4.679E-10,2.650E-07,7.788E-08
491,5.658E-01,7.873E-07,5.030E-07,1.177E-06,9.623E-01,2.305E-09,6.598E-11,1.821E-07,1.912E-07
492,5.693E-01,7.793E-07,5.568E-07,1.800E-06,9.633E-01,7.161E-11,1.169E-08,2.678E-07,2.484E-07
493,5.721E-01,8.125E-07,7.437E-07,3.050E-06,9.630E-01,5.689E-11,5.343E-08,3.108E-07,4.361E-07
494,5.739E-01,8.821E-07,4.077E-07,5.002E-06,9.631E-01,7.226E-09,1.858E-10,1.603E-07,4.844E-07
495,5.735E-01,1.506E-06,2.677E-07,8.555E-06,9.649E-01,5.691E-11,6.564E-11,8.411E-08,7.110E-07
496,5.730E-01,3.626E-06,4.717E-07,1.374E-05,9.735E-01,2.528E-08,6.581E-11,1.329E-07,9.013E-07
497,5.715E-01,4.395E-06,8.014E-07,2.118E-05,9.803E-01,2.216E-08,2.244E-10,2.070E-07,1.696E-07
498,5.697E-01,2.347E-06,3.142E-07,3.275E-05,9.857E-01,6.672E-09,3.540E-08,4.185E-07,5.635E-08
499,5.709E-01,8.399E-07,4.526E-07,5.209E-05,9.921E-01,1.001E-08,1.722E-10,1.801E-07,5.852E-08
500,5.779E-01,7.647E-07,9.596E-07,9.067E-05,9.963E-01,1.141E-10,1.184E-08,1.057E-07,1.527E-07
501,5.847E-01,7.124E-07,5.298E-07,1.759E-04,1.000E+00,5.098E-09,6.944E-09,1.392E-07,4.232E-07
502,5.913E-01,6.720E-07,6.270E-07,3.801E-04,9.997E-01,5.049E-09,5.573E-08,1.094E-07,4.582E-07
503,5.980E-01,7.209E-07,9.602E-07,9.327E-04,9.992E-01,4.159E-08,2.088E-08,3.907E-07,1.114E-06
504,6.028E-01,7.162E-07,1.253E-06,2.439E-03,9.761E-01,5.899E-08,3.626E-08,8.892E-08,4.862E-07
505,6.035E-01,7.145E-07,5.452E-07,6.496E-03,9.524E-01,1.750E-08,1.736E-07,1.352E-07,9.552E-08
506,6.040E-01,7.289E-07,4.008E-07,2.526E-02,9.021E-01,9.353E-09,7.253E-08,2.693E-07,5.512E-08
507,6.045E-01,7.956E-07,4.852E-07,4.684E-02,8.503E-01,1.283E-08,1.959E-07,3.559E-07,6.690E-08
508,6.048E-01,7.781E-07,1.234E-06,1.230E-01,7.591E-01,7.043E-09,2.998E-07,1.714E-07,6.352E-09
509,6.062E-01,7.675E-07,8.188E-07,2.032E-01,6.664E-01,3.520E-10,2.959E-07,1.445E-07,2.125E-07
510,6.099E-01,7.372E-07,4.176E-07,4.016E-01,5.339E-01,1.033E-08,4.816E-07,1.854E-07,1.423E-07
511,6.138E-01,6.961E-07,4.407E-07,5.963E-01,4.018E-01,3.453E-08,6.289E-07,2.472E-07,2.755E-07
512,6.177E-01,6.679E-07,8.404E-07,6.647E-01,2.966E-01,3.982E-09,5.998E-07,1.540E-07,7.046E-07
513,6.216E-01,6.297E-07,5.826E-07,7.314E-01,1.929E-01,3.880E-08,4.799E-07,9.151E-08,2.224E-07
514,6.244E-01,6.367E-07,4.287E-07,7.505E-01,1.407E-01,2.527E-08,4.305E-07,1.292E-07,4.633E-07
515,6.255E-01,6.470E-07,4.422E-07,7.688E-01,8.881E-02,2.729E-08,2.507E-07,5.621E-08,4.365E-07
516,6.265E-01,6.694E-07,5.902E-07,7.687E-01,6.418E-02,2.576E-09,2.358E-07,1.389E-07,1.740E-07
517,6.274E-01,8.414E-07,5.295E-07,7.693E-01,4.106E-02,8.232E-09,3.035E-07,3.110E-07,7.146E-08
518,6.283E-01,9.482E-07,7.833E-07,7.876E-01,2.846E-02,4.397E-08,3.342E-07,1.659E-07,3.051E-09
519,6.299E-01,1.036E-06,1.063E-06,8.053E-01,1.918E-02,4.270E-09,5.253E-07,1.715E-07,5.706E-08
520,6.321E-01,1.142E-06,4.458E-07,8.060E-01,9.926E-03,3.799E-08,6.688E-07,8.778E-08,9.064E-08
521,6.340E-01,1.186E-06,3.761E-07,8.054E-01,6.864E-03,1.629E-08,8.641E-07,2.762E-07,7.155E-07
522,6.359E-01,1.631E-06,7.456E-07,7.909E-01,4.817E-03,1.276E-08,7.718E-07,2.925E-07,3.370E-06
523,6.379E-01,1.777E-06,3.604E-07,7.784E-01,3.325E-03,8.913E-11,5.858E-07,1.915E-07,9.847E-06
524,6.420E-01,1.484E-06,2.713E-07,7.932E-01,2.309E-03,6.968E-10,5.071E-07,1.063E-07,1.060E-05
525,6.493E-01,1.142E-06,2.672E-07,8.070E-01,1.574E-03,1.344E-08,3.043E-07,9.617E-08,4.590E-06
526,6.567E-01,8.366E-07,1.778E-07,8.099E-01,1.142E-03,7.742E-08,3.087E-07,2.187E-07,7.969E-07
527,6.642E-01,7.662E-07,2.305E-07,8.131E-01,8.448E-04,3.131E-07,3.223E-07,4.271E-07,5.872E-07
528,6.718E-01,6.909E-07,2.667E-07,8.180E-01,6.357E-04,1.027E-06,1.552E-07,1.434E-07,8.686E-08
529,6.775E-01,6.861E-07,9.704E-07,8.232E-01,4.899E-04,1.423E-06,2.768E-07,2.214E-07,1.121E-07
530,6.804E-01,7.578E-07,8.966E-07,8.340E-01,3.888E-04,1.050E-06,2.165E-07,1.868E-07,8.954E-07
531,6.833E-01,7.577E-07,6.141E-07,8.438E-01,3.193E-04,4.141E-07,3.094E-07,2.196E-07,1.912E-07
532,6.863E-01,8.008E-07,7.476E-07,8.420E-01,2.710E-04,1.312E-07,2.870E-07,4.287E-07,1.158E-10
533,6.895E-01,7.688E-07,1.426E-06,8.385E-01,2.336E-04,1.274E-07,4.335E-07,2.391E-07,6.567E-08
534,6.924E-01,7.588E-07,1.406E-06,8.143E-01,1.986E-04,1.995E-07,5.935E-07,5.644E-07,8.011E-07
535,6.948E-01,7.341E-07,5.473E-07,7.926E-01,1.616E-04,9.881E-07,6.623E-07,9.452E-07,1.225E-06
536,6.971E-01,7.330E-07,4.231E-07,7.968E-01,1.269E-04,1.886E-06,8.312E-07,5.302E-07,1.469E-06
537,6.991E-01,7.734E-07,5.156E-07,8.026E-01,9.581E-05,1.625E-06,9.055E-07,3.009E-07,2.476E-06
538,7.013E-01,8.616E-07,9.904E-07,8.263E-01,7.217E-05,5.286E-07,9.255E-07,8.017E-08,2.659E-06
539,7.039E-01,9.107E-07,7.304E-07,8.493E-01,5.598E-05,4.234E-08,9.230E-07,3.299E-07,1.530E-06
540,7.064E-01,9.795E-07,3.524E-07,8.593E-01,4.416E-05,3.536E-08,9.030E-07,1.842E-07,7.247E-08
541,7.085E-01,1.193E-06,3.983E-07,8.686E-01,3.672E-05,3.447E-08,9.143E-07,2.409E-07,7.748E-09
542,7.105E-01,1.350E-06,5.212E-07,8.743E-01,3.158E-05,1.978E-08,8.873E-07,3.749E-08,1.394E-07
543,7.126E-01,1.398E-06,7.149E-07,8.792E-01,2.823E-05,5.609E-08,9.537E-07,6.667E-08,5.579E-07
544,7.144E-01,1.391E-06,1.103E-06,8.767E-01,2.503E-05,1.878E-07,8.757E-07,2.853E-08,1.494E-08
545,7.157E-01,1.272E-06,8.608E-07,8.748E-01,2.216E-05,2.916E-07,8.029E-07,9.102E-08,1.805E-07
546,7.171E-01,1.226E-06,6.041E-07,8.759E-01,1.970E-05,1.521E-07,7.341E-07,1.713E-07,5.238E-07
547,7.184E-01,1.280E-06,6.625E-07,8.771E-01,1.723E-05,4.503E-08,7.459E-07,7.541E-08,3.259E-07
548,7.197E-01,1.481E-06,7.904E-07,8.781E-01,1.496E-05,1.366E-08,6.929E-07,1.017E-07,9.546E-08
549,7.217E-01,1.921E-06,1.056E-06,8.802E-01,1.340E-05,1.647E-08,5.944E-07,1.332E-07,6.583E-07
550,7.249E-01,2.779E-06,1.414E-06,8.916E-01,1.219E-05,4.090E-08,6.610E-07,2.573E-07,3.434E-06
551,7.282E-01,3.568E-06,1.393E-06,9.031E-01,1.127E-05,1.813E-09,7.278E-07,1.981E-07,4.678E-06
552,7.317E-01,3.800E-06,9.188E-07,9.134E-01,1.030E-05,1.465E-08,7.154E-07,1.690E-07,3.135E-06
553,7.354E-01,3.529E-06,9.635E-07,9.246E-01,9.534E-06,1.719E-08,8.328E-07,4.139E-07,1.286E-06
554,7.385E-01,2.873E-06,1.069E-06,9.401E-01,8.892E-06,1.030E-10,7.829E-07,8.628E-08,9.115E-09
555,7.407E-01,2.379E-06,1.691E-06,9.540E-01,7.926E-06,7.369E-10,6.627E-07,6.218E-08,5.572E-07
556,7.430E-01,2.198E-06,9.877E-07,9.632E-01,6.683E-06,2.999E-09,6.954E-07,1.023E-07,3.255E-06
557,7.460E-01,2.401E-06,8.666E-07,9.714E-01,5.679E-06,4.725E-10,8.604E-07,6.867E-08,3.887E-07
558,7.495E-01,2.732E-06,1.022E-06,9.678E-01,5.311E-06,7.578E-09,9.128E-07,1.322E-07,1.209E-07
559,7.522E-01,3.491E-06,1.811E-06,9.650E-01,4.554E-06,3.256E-08,1.180E-06,8.391E-08,4.557E-07
560,7.541E-01,4.850E-06,2.224E-06,9.699E-01,3.967E-06,1.196E-08,1.576E-06,1.613E-07,2.216E-06
561,7.560E-01,6.370E-06,1.323E-06,9.738E-01,3.898E-06,3.589E-09,1.904E-06,1.132E-07,1.760E-07
562,7.579E-01,7.059E-06,1.584E-06,9.732E-01,3.692E-06,2.446E-08,2.274E-06,5.872E-08,5.686E-08
563,7.601E-01,6.331E-06,2.350E-06,9.709E-01,3.324E-06,3.346E-08,3.203E-06,1.026E-07,1.963E-07
564,7.629E-01,4.657E-06,3.282E-06,9.578E-01,3.231E-06,5.869E-08,4.339E-06,6.444E-08,1.095E-06
565,7.660E-01,3.360E-06,2.845E-06,9.455E-01,3.364E-06,2.075E-08,5.747E-06,4.173E-08,8.848E-08
566,7.691E-01,2.555E-06,1.920E-06,9.400E-01,3.211E-06,1.236E-08,7.747E-06,1.397E-07,1.524E-07
567,7.724E-01,2.186E-06,1.726E-06,9.380E-01,3.036E-06,7.566E-10,1.091E-05,1.430E-07,1.999E-07
568,7.759E-01,2.016E-06,1.862E-06,9.537E-01,3.096E-06,8.798E-09,1.595E-05,7.620E-08,3.761E-07
569,7.791E-01,2.269E-06,1.988E-06,9.697E-01,2.962E-06,2.944E-08,2.405E-05,5.345E-08,7.518E-07
570,7.819E-01,3.120E-06,1.319E-06,9.849E-01,2.813E-06,1.450E-08,3.794E-05,1.022E-08,3.343E-06
571,7.844E-01,4.882E-06,1.478E-06,9.978E-01,2.171E-06,1.712E-09,6.288E-05,2.104E-08,1.329E-10
572,7.868E-01,7.736E-06,2.101E-06,1.000E+00,2.040E-06,8.301E-09,1.093E-04,3.339E-08,1.789E-07
573,7.895E-01,8.934E-06,2.220E-06,9.994E-01,2.298E-06,1.026E-08,1.970E-04,9.071E-08,9.523E-07
574,7.919E-01,6.759E-06,1.325E-06,9.840E-01,1.932E-06,4.758E-08,3.626E-04,7.564E-08,4.415E-07
575,7.940E-01,3.681E-06,1.568E-06,9.611E-01,1.775E-06,2.061E-08,6.756E-04,1.087E-07,1.135E-07
576,7.963E-01,2.017E-06,2.116E-06,9.047E-01,1.887E-06,2.950E-09,1.276E-03,2.448E-07,1.144E-07
577,7.989E-01,1.485E-06,1.807E-06,8.351E-01,1.630E-06,1.305E-08,2.448E-03,1.410E-07,3.050E-07
578,8.015E-01,1.189E-06,1.214E-06,7.057E-01,1.486E-06,2.819E-10,4.861E-03,1.444E-07,1.080E-06
579,8.036E-01,9.661E-07,1.477E-06,5.729E-01,1.673E-06,1.020E-09,1.025E-02,1.982E-07,1.045E-06
580,8.053E-01,8.555E-07,2.069E-06,4.288E-01,1.869E-06,3.609E-10,3.418E-02,2.002E-07,4.835E-08
581,8.070E-01,9.769E-07,1.849E-06,2.955E-01,1.830E-06,1.498E-09,6.767E-02,9.928E-08,1.184E-07
582,8.089E-01,8.578E-07,1.331E-06,2.091E-01,1.743E-06,5.983E-09,1.601E-01,1.099E-07,2.081E-07
583,8.111E-01,8.711E-07,1.469E-06,1.319E-01,1.658E-06,1.162E-08,2.678E-01,8.891E-08,7.388E-07
584,8.136E-01,9.222E-07,1.731E-06,9.316E-02,1.821E-06,6.847E-08,4.369E-01,4.654E-07,7.688E-08
585,8.162E-01,9.274E-07,2.064E-06,5.863E-02,1.512E-06,8.785E-08,5.999E-01,5.660E-07,1.659E-07
586,8.188E-01,9.644E-07,2.032E-06,4.151E-02,1.366E-06,6.132E-09,7.383E-01,2.311E-07,3.927E-07
587,8.219E-01,1.054E-06,1.367E-06,2.487E-02,1.706E-06,8.646E-09,8.531E-01,3.125E-07,1.240E-06
588,8.253E-01,9.373E-07,1.489E-06,1.678E-02,1.851E-06,2.082E-08,8.742E-01,2.383E-07,1.219E-06
589,8.292E-01,9.348E-07,2.185E-06,1.105E-02,1.884E-06,1.815E-08,8.915E-01,2.631E-07,3.316E-07
590,8.330E-01,9.518E-07,2.780E-06,7.481E-03,1.815E-06,1.636E-08,8.947E-01,1.155E-07,3.860E-07
591,8.362E-01,9.243E-07,1.628E-06,4.967E-03,2.133E-06,2.322E-08,8.980E-01,1.057E-07,7.961E-07
592,8.394E-01,9.175E-07,1.750E-06,3.516E-03,2.272E-06,3.604E-08,9.043E-01,3.204E-07,6.298E-07
593,8.432E-01,8.692E-07,2.283E-06,2.530E-03,1.953E-06,1.952E-08,9.104E-01,9.417E-08,6.110E-07
594,8.455E-01,9.447E-07,2.710E-06,1.928E-03,1.916E-06,5.525E-09,9.138E-01,9.727E-08,1.193E-06
595,8.463E-01,9.862E-07,1.842E-06,1.485E-03,1.886E-06,1.028E-08,9.169E-01,1.236E-07,1.986E-06
596,8.471E-01,1.258E-06,1.756E-06,1.149E-03,1.633E-06,5.388E-09,9.199E-01,1.307E-07,6.240E-07
597,8.481E-01,1.562E-06,1.853E-06,8.956E-04,1.686E-06,2.016E-08,9.221E-01,3.369E-07,3.100E-07
598,8.491E-01,1.551E-06,2.329E-06,7.017E-04,1.800E-06,3.229E-08,9.207E-01,8.930E-08,3.394E-07
599,8.507E-01,1.276E-06,2.551E-06,5.501E-04,2.408E-06,1.373E-08,9.211E-01,2.377E-07,3.485E-07
600,8.525E-01,8.452E-07,2.207E-06,4.292E-04,2.212E-06,6.289E-10,9.277E-01,7.420E-07,2.394E-07
601,8.543E-01,6.648E-07,2.077E-06,3.359E-04,2.274E-06,9.315E-09,9.347E-01,1.049E-06,3.308E-07
602,8.561E-01,6.337E-07,2.679E-06,2.625E-04,2.570E-06,3.319E-08,9.430E-01,6.697E-07,2.874E-07
603,8.580E-01,6.354E-07,3.354E-06,2.070E-04,2.021E-06,2.896E-08,9.485E-01,6.882E-07,3.432E-07
604,8.610E-01,6.140E-07,3.598E-06,1.651E-04,2.136E-06,8.334E-09,9.448E-01,5.808E-07,3.022E-07
605,8.647E-01,5.679E-07,3.071E-06,1.335E-04,3.644E-06,2.915E-08,9.431E-01,3.509E-07,2.528E-07
606,8.683E-01,5.627E-07,3.213E-06,1.102E-04,6.327E-06,1.907E-08,9.468E-01,2.279E-07,2.661E-07
607,8.715E-01,5.669E-07,4.287E-06,9.221E-05,1.012E-05,2.494E-08,9.529E-01,2.467E-07,1.696E-07
608,8.745E-01,5.292E-07,5.513E-06,7.831E-05,1.268E-05,9.877E-09,9.677E-01,2.400E-07,6.522E-07
609,8.770E-01,6.375E-07,6.335E-06,6.736E-05,1.036E-05,3.537E-08,9.807E-01,6.517E-07,4.611E-07
610,8.792E-01,6.069E-07,7.448E-06,5.817E-05,4.893E-06,2.247E-08,9.881E-01,2.285E-07,1.765E-07
611,8.814E-01,6.005E-07,9.506E-06,5.032E-05,1.509E-06,1.049E-08,9.940E-01,1.957E-07,4.227E-07
612,8.835E-01,6.126E-07,1.210E-05,4.330E-05,4.960E-07,1.252E-10,9.957E-01,1.592E-07,5.937E-07
613,8.853E-01,5.934E-07,1.610E-05,3.695E-05,4.483E-07,2.539E-09,9.963E-01,3.644E-07,5.821E-07
614,8.858E-01,6.125E-07,2.347E-05,3.145E-05,4.559E-07,2.308E-08,9.943E-01,5.966E-07,9.035E-07
615,8.857E-01,6.233E-07,3.581E-05,2.658E-05,1.673E-07,5.472E-08,9.925E-01,5.952E-07,2.217E-07
616,8.857E-01,5.999E-07,5.485E-05,2.236E-05,1.786E-07,3.857E-08,9.906E-01,4.453E-07,5.003E-07
617,8.858E-01,6.849E-07,8.631E-05,1.901E-05,2.383E-07,4.551E-08,9.914E-01,6.970E-07,1.758E-06
618,8.859E-01,6.398E-07,1.440E-04,1.624E-05,1.608E-07,4.628E-08,1.000E+00,9.475E-07,1.909E-06
619,8.869E-01,6.246E-07,2.468E-04,1.414E-05,1.528E-07,4.214E-09,9.962E-01,1.111E-06,1.463E-07
620,8.881E-01,6.153E-07,4.292E-04,1.248E-05,2.428E-07,4.707E-09,9.595E-01,9.715E-07,1.143E-06
621,8.892E-01,6.884E-07,7.611E-04,1.112E-05,3.858E-07,2.125E-08,8.952E-01,9.708E-07,3.125E-06
622,8.903E-01,6.940E-07,1.396E-03,1.016E-05,2.438E-07,3.141E-08,7.613E-01,9.461E-07,1.217E-06
623,8.914E-01,6.695E-07,2.680E-03,9.427E-06,2.846E-07,2.119E-08,6.197E-01,1.026E-06,6.257E-08
624,8.947E-01,6.805E-07,8.120E-03,8.785E-06,3.506E-07,1.110E-08,4.597E-01,1.375E-06,1.017E-06
625,8.988E-01,7.074E-07,2.027E-02,8.241E-06,2.838E-07,3.255E-08,3.141E-01,2.185E-06,2.175E-06
626,9.029E-01,7.342E-07,5.059E-02,7.815E-06,2.370E-07,4.836E-08,2.050E-01,1.687E-06,2.407E-07
627,9.075E-01,6.985E-07,1.031E-01,7.372E-06,2.449E-07,1.493E-08,1.156E-01,5.061E-07,2.463E-07
628,9.121E-01,6.937E-07,2.055E-01,6.914E-06,4.199E-07,1.357E-08,7.336E-02,2.146E-07,1.563E-07
629,9.152E-01,7.004E-07,3.254E-01,6.597E-06,2.604E-07,1.075E-08,3.981E-02,3.286E-07,8.754E-07
630,9.180E-01,7.458E-07,4.860E-01,6.210E-06,1.978E-07,2.070E-08,2.614E-02,4.282E-07,2.579E-06
631,9.216E-01,7.107E-07,6.372E-01,5.836E-06,2.672E-07,2.794E-08,1.625E-02,1.587E-07,1.753E-06
632,9.253E-01,7.167E-07,7.655E-01,5.477E-06,3.053E-07,3.315E-08,1.111E-02,1.988E-07,2.303E-07
633,9.283E-01,6.841E-07,8.667E-01,5.090E-06,2.621E-07,4.406E-08,7.468E-03,1.844E-07,1.659E-06
634,9.277E-01,7.802E-07,9.078E-01,4.725E-06,2.233E-07,1.516E-08,5.235E-03,1.129E-07,3.963E-06
635,9.261E-01,8.048E-07,9.372E-01,4.429E-06,2.746E-07,1.262E-08,3.647E-03,1.037E-07,1.127E-06
636,9.246E-01,7.440E-07,9.403E-01,4.204E-06,1.956E-07,2.209E-08,2.588E-03,1.480E-07,2.385E-07
637,9.230E-01,7.775E-07,9.419E-01,4.040E-06,2.634E-07,6.059E-08,1.828E-03,3.474E-08,7.254E-07
638,9.211E-01,8.064E-07,9.403E-01,3.903E-06,2.625E-07,3.973E-08,1.325E-03,1.124E-07,1.697E-06
639,9.209E-01,7.503E-07,9.379E-01,3.693E-06,2.831E-07,3.368E-08,9.742E-04,1.192E-07,1.101E-06
640,9.213E-01,7.234E-07,9.343E-01,3.544E-06,3.019E-07,2.141E-08,7.213E-04,1.976E-07,2.829E-07
641,9.218E-01,8.111E-07,9.333E-01,3.415E-06,2.058E-07,1.964E-08,5.424E-04,2.564E-07,1.281E-07
642,9.226E-01,7.747E-07,9.378E-01,3.299E-06,2.444E-07,3.017E-08,4.158E-04,1.048E-07,9.180E-08
643,9.236E-01,8.627E-07,9.420E-01,3.150E-06,3.570E-07,1.585E-08,3.262E-04,1.891E-07,4.399E-07
644,9.270E-01,8.639E-07,9.454E-01,2.910E-06,2.715E-07,1.055E-08,2.576E-04,6.883E-08,5.605E-07
645,9.312E-01,7.579E-07,9.467E-01,2.860E-06,1.506E-07,1.345E-08,2.025E-04,6.138E-08,1.951E-07
646,9.351E-01,8.198E-07,9.442E-01,2.717E-06,2.533E-07,3.193E-08,1.590E-04,3.362E-08,7.273E-07
647,9.390E-01,8.458E-07,9.431E-01,2.582E-06,3.639E-07,8.614E-08,1.249E-04,4.720E-08,1.075E-06
648,9.429E-01,8.293E-07,9.451E-01,2.541E-06,2.253E-07,1.158E-07,9.726E-05,1.443E-07,1.126E-07
649,9.450E-01,8.501E-07,9.484E-01,2.496E-06,2.041E-07,5.031E-08,7.518E-05,2.381E-07,5.170E-07
650,9.464E-01,8.666E-07,9.536E-01,2.395E-06,3.626E-07,2.595E-08,5.843E-05,2.033E-07,8.235E-07
651,9.479E-01,8.621E-07,9.571E-01,2.309E-06,3.012E-07,7.722E-08,4.636E-05,2.307E-07,2.951E-07
652,9.493E-01,8.478E-07,9.575E-01,2.276E-06,2.290E-07,9.001E-08,3.737E-05,8.898E-08,5.014E-07
653,9.508E-01,8.998E-07,9.579E-01,2.293E-06,2.603E-07,1.009E-07,3.028E-05,1.534E-07,1.170E-06
654,9.506E-01,9.391E-07,9.579E-01,2.340E-06,1.995E-07,9.698E-08,2.454E-05,1.114E-07,7.782E-07
655,9.495E-01,9.724E-07,9.592E-01,2.410E-06,1.924E-07,1.266E-07,2.079E-05,1.044E-07,1.602E-07
656,9.484E-01,9.545E-07,9.637E-01,2.420E-06,1.874E-07,1.826E-07,1.792E-05,4.142E-08,5.024E-07
657,9.479E-01,1.027E-06,9.684E-01,2.462E-06,3.672E-07,2.067E-07,1.510E-05,4.138E-08,7.677E-07
658,9.480E-01,1.039E-06,9.730E-01,2.533E-06,2.111E-07,2.684E-07,1.268E-05,2.451E-07,1.792E-07
659,9.497E-01,1.028E-06,9.764E-01,2.651E-06,2.507E-07,3.511E-07,1.095E-05,4.050E-07,1.095E-06
660,9.515E-01,1.090E-06,9.774E-01,2.657E-06,5.781E-07,4.316E-07,9.491E-06,9.104E-08,2.163E-06
661,9.526E-01,1.098E-06,9.783E-01,2.700E-06,1.709E-06,5.265E-07,8.076E-06,2.114E-07,5.717E-07
662,9.537E-01,1.115E-06,9.805E-01,2.662E-06,1.986E-06,6.286E-07,6.724E-06,1.489E-07,2.064E-07
663,9.556E-01,1.093E-06,9.841E-01,2.614E-06,1.186E-06,7.828E-07,5.820E-06,2.222E-07,1.294E-06
664,9.575E-01,1.107E-06,9.888E-01,2.712E-06,6.611E-07,9.951E-07,5.035E-06,3.517E-07,1.804E-06
665,9.589E-01,1.276E-06,9.916E-01,2.731E-06,7.074E-07,1.205E-06,4.336E-06,8.852E-08,1.310E-07
666,9.598E-01,1.268E-06,9.916E-01,2.686E-06,1.239E-06,1.478E-06,3.897E-06,1.084E-07,1.581E-06
667,9.605E-01,1.277E-06,9.911E-01,2.685E-06,1.643E-06,1.809E-06,3.422E-06,1.877E-07,2.533E-06
668,9.614E-01,1.276E-06,9.905E-01,2.695E-06,1.075E-06,2.229E-06,2.971E-06,1.144E-07,1.110E-07
669,9.627E-01,1.344E-06,9.915E-01,2.696E-06,5.659E-07,2.741E-06,2.766E-06,1.055E-07,1.351E-06
670,9.639E-01,1.454E-06,9.938E-01,2.696E-06,3.463E-07,3.339E-06,2.625E-06,5.650E-08,3.746E-06
671,9.645E-01,1.400E-06,9.946E-01,2.791E-06,3.309E-07,4.137E-06,2.366E-06,1.353E-07,2.884E-06
672,9.651E-01,1.443E-06,9.941E-01,2.833E-06,3.909E-07,5.176E-06,2.202E-06,1.142E-07,7.989E-08
673,9.662E-01,1.534E-06,9.928E-01,2.886E-06,3.101E-07,6.521E-06,1.950E-06,1.132E-07,2.663E-06
674,9.669E-01,1.649E-06,9.898E-01,2.861E-06,2.408E-07,8.337E-06,1.679E-06,9.776E-08,3.848E-06
675,9.671E-01,1.645E-06,9.872E-01,2.809E-06,2.322E-07,1.075E-05,1.536E-06,7.708E-08,1.011E-07
676,9.673E-01,1.680E-06,9.857E-01,2.951E-06,3.997E-07,1.398E-05,1.444E-06,1.260E-07,9.686E-08
677,9.677E-01,1.780E-06,9.865E-01,3.265E-06,3.817E-07,1.854E-05,1.400E-06,1.725E-07,6.024E-08
678,9.681E-01,1.788E-06,9.900E-01,3.306E-06,1.569E-07,2.504E-05,1.321E-06,2.600E-07,7.464E-07
679,9.619E-01,1.902E-06,9.930E-01,3.326E-06,2.798E-07,3.396E-05,1.384E-06,2.087E-07,1.081E-06
680,9.542E-01,2.067E-06,9.957E-01,3.400E-06,3.066E-07,4.632E-05,1.347E-06,6.926E-08,1.840E-07
681,9.468E-01,2.010E-06,9.981E-01,3.236E-06,2.463E-07,6.377E-05,1.081E-06,5.528E-08,3.420E-07
682,9.394E-01,2.109E-06,1.000E+00,3.361E-06,2.852E-07,8.840E-05,1.032E-06,1.042E-07,1.386E-06
683,9.318E-01,2.282E-06,9.984E-01,3.759E-06,3.287E-07,1.226E-04,1.034E-06,2.351E-07,1.695E-06
684,9.326E-01,2.260E-06,9.920E-01,3.904E-06,3.935E-07,1.695E-04,9.922E-07,2.359E-07,1.867E-10
685,9.351E-01,2.390E-06,9.704E-01,4.003E-06,3.979E-07,2.346E-04,9.672E-07,1.697E-07,7.911E-07
686,9.380E-01,2.510E-06,9.285E-01,4.039E-06,4.044E-07,3.243E-04,9.926E-07,1.456E-07,1.172E-06
687,9.413E-01,2.513E-06,8.575E-01,4.042E-06,3.730E-07,4.504E-04,9.653E-07,8.913E-08,1.492E-07
688,9.447E-01,2.653E-06,7.473E-01,3.877E-06,2.615E-07,6.265E-04,8.635E-07,2.017E-07,2.764E-07
689,9.493E-01,2.787E-06,6.197E-01,3.552E-06,3.899E-07,8.726E-04,8.976E-07,2.153E-07,3.572E-07
690,9.539E-01,2.818E-06,4.698E-01,3.107E-06,7.206E-07,1.230E-03,7.939E-07,3.070E-08,5.153E-08
691,9.583E-01,2.991E-06,3.378E-01,2.597E-06,1.107E-06,1.758E-03,7.877E-07,5.935E-08,1.119E-07
692,9.631E-01,3.209E-06,2.288E-01,2.071E-06,1.389E-06,2.539E-03,8.524E-07,2.954E-07,8.920E-07
693,9.684E-01,3.206E-06,1.462E-01,1.474E-06,1.086E-06,3.765E-03,6.923E-07,5.041E-07,1.052E-06
694,9.715E-01,3.382E-06,9.667E-02,1.144E-06,6.134E-07,5.681E-03,5.536E-07,3.212E-07,6.305E-08
695,9.740E-01,3.563E-06,6.072E-02,9.337E-07,4.131E-07,8.798E-03,6.098E-07,1.789E-07,5.248E-07
696,9.761E-01,3.614E-06,4.165E-02,6.899E-07,1.721E-07,1.392E-02,7.127E-07,2.407E-07,1.181E-06
697,9.777E-01,3.753E-06,2.702E-02,4.834E-07,9.518E-08,2.240E-02,6.193E-07,3.618E-07,7.561E-07
698,9.795E-01,3.875E-06,1.889E-02,3.994E-07,1.900E-07,4.277E-02,5.544E-07,3.458E-07,4.087E-07
699,9.823E-01,4.006E-06,1.310E-02,3.163E-07,1.785E-07,6.991E-02,5.089E-07,1.580E-07,9.725E-07
700,9.854E-01,4.103E-06,9.253E-03,2.334E-07,1.494E-07,1.110E-01,4.950E-07,1.157E-07,5.834E-07
701,9.882E-01,4.329E-06,6.482E-03,1.824E-07,1.473E-07,1.755E-01,5.720E-07,3.701E-07,2.061E-07
702,9.910E-01,4.552E-06,4.604E-03,1.790E-07,2.341E-07,2.673E-01,6.306E-07,4.683E-07,2.245E-07
703,9.943E-01,4.529E-06,3.261E-03,1.546E-07,2.889E-07,3.807E-01,6.283E-07,2.838E-07,1.861E-10
704,9.956E-01,4.709E-06,2.380E-03,1.200E-07,1.171E-07,5.186E-01,6.774E-07,2.119E-07,1.722E-06
705,9.961E-01,4.995E-06,1.759E-03,5.316E-08,2.377E-07,6.478E-01,8.036E-07,1.401E-07,2.419E-06
706,9.967E-01,5.031E-06,1.299E-03,8.275E-08,4.454E-07,7.676E-01,7.455E-07,9.528E-08,5.416E-07
707,9.982E-01,5.125E-06,9.652E-04,9.208E-08,4.959E-07,8.609E-01,5.935E-07,1.644E-07,4.768E-09
708,1.000E+00,5.315E-06,7.287E-04,6.284E-08,4.849E-07,9.243E-01,5.754E-07,1.541E-07,1.045E-06
709,9.999E-01,5.556E-06,5.597E-04,7.448E-08,5.404E-07,9.662E-01,5.282E-07,8.554E-08,3.251E-06
710,9.992E-01,5.783E-06,4.379E-04,4.270E-08,5.657E-07,9.842E-01,4.441E-07,1.027E-07,2.277E-06
711,9.978E-01,5.928E-06,3.501E-04,4.243E-08,5.856E-07,9.933E-01,4.522E-07,2.773E-08,1.830E-10
712,9.964E-01,6.062E-06,2.830E-04,7.406E-08,6.684E-07,9.934E-01,5.220E-07,3.508E-08,1.469E-06
713,9.953E-01,6.281E-06,2.293E-04,7.826E-08,8.553E-07,9.920E-01,4.972E-07,8.975E-08,2.846E-06
714,9.937E-01,6.434E-06,1.868E-04,7.482E-08,1.060E-06,9.890E-01,3.933E-07,1.277E-07,1.360E-06
715,9.922E-01,6.788E-06,1.534E-04,6.245E-08,1.123E-06,9.866E-01,3.920E-07,3.701E-07,1.824E-10
716,9.906E-01,7.145E-06,1.263E-04,6.203E-08,9.308E-07,9.845E-01,4.665E-07,3.538E-07,1.958E-07
717,9.886E-01,7.296E-06,1.039E-04,9.895E-08,6.177E-07,9.826E-01,5.173E-07,1.550E-07,1.350E-06
718,9.867E-01,7.530E-06,8.510E-05,6.003E-08,4.359E-07,9.813E-01,5.756E-07,1.296E-07,1.450E-06
719,9.871E-01,7.823E-06,6.955E-05,2.208E-08,3.187E-07,9.806E-01,6.076E-07,1.216E-07,2.946E-07
720,9.878E-01,8.065E-06,5.759E-05,7.530E-08,2.071E-07,9.801E-01,6.193E-07,1.872E-07,1.830E-10
721,9.881E-01,8.256E-06,4.859E-05,1.107E-07,2.153E-07,9.804E-01,6.008E-07,1.465E-07,1.626E-06
722,9.882E-01,8.555E-06,4.048E-05,7.654E-08,2.496E-07,9.814E-01,5.484E-07,7.014E-08,1.609E-06
723,9.881E-01,8.933E-06,3.340E-05,3.879E-08,1.500E-07,9.826E-01,4.486E-07,1.668E-08,3.821E-08
724,9.866E-01,9.249E-06,2.926E-05,6.163E-08,4.667E-08,9.839E-01,5.783E-07,5.668E-08,6.520E-07
725,9.849E-01,9.597E-06,2.677E-05,7.330E-08,8.743E-08,9.860E-01,7.817E-07,1.248E-07,9.030E-07
726,9.832E-01,9.958E-06,2.329E-05,5.625E-08,1.189E-07,9.889E-01,8.058E-07,1.843E-07,2.712E-07
727,9.816E-01,1.058E-05,1.864E-05,3.369E-08,7.943E-08,9.914E-01,6.105E-07,1.206E-07,6.683E-07
728,9.802E-01,1.135E-05,1.544E-05,3.144E-08,6.471E-08,9.936E-01,5.180E-07,5.635E-08,2.256E-06
729,9.792E-01,1.232E-05,1.439E-05,3.274E-08,1.075E-07,9.955E-01,5.401E-07,3.120E-08,1.490E-06
730,9.783E-01,1.346E-05,1.338E-05,3.869E-08,7.713E-08,9.971E-01,5.296E-07,2.199E-10,3.269E-08
731,9.773E-01,1.505E-05,1.171E-05,6.677E-08,9.656E-08,9.986E-01,6.024E-07,1.725E-07,2.241E-06
732,9.763E-01,1.722E-05,9.665E-06,8.607E-08,1.457E-07,1.000E+00,5.846E-07,1.644E-07,1.953E-06
733,9.753E-01,1.960E-05,8.157E-06,1.158E-07,1.082E-07,9.997E-01,4.935E-07,8.073E-08,6.416E-08
734,9.756E-01,2.265E-05,7.317E-06,7.234E-08,8.914E-08,9.977E-01,6.441E-07,2.541E-07,5.558E-08
735,9.756E-01,2.652E-05,6.569E-06,1.396E-08,1.522E-07,9.904E-01,8.634E-07,1.981E-07,1.327E-06
736,9.757E-01,3.079E-05,6.180E-06,4.356E-08,1.124E-07,9.789E-01,8.389E-07,2.570E-09,1.130E-06
737,9.762E-01,3.565E-05,5.796E-06,4.608E-08,2.076E-08,9.537E-01,8.265E-07,4.612E-08,1.855E-10
738,9.769E-01,4.110E-05,5.110E-06,2.790E-08,3.096E-08,9.168E-01,8.281E-07,1.519E-07,9.743E-08
739,9.772E-01,4.749E-05,4.203E-06,6.504E-08,5.356E-08,8.574E-01,7.199E-07,3.873E-07,8.866E-07
740,9.773E-01,5.510E-05,3.559E-06,8.343E-08,6.987E-08,7.794E-01,6.513E-07,3.184E-07,6.606E-07
741,9.773E-01,6.408E-05,3.634E-06,8.227E-08,1.305E-07,6.772E-01,7.422E-07,6.380E-08,3.340E-08
742,9.775E-01,7.579E-05,3.797E-06,1.059E-07,1.096E-07,5.553E-01,7.840E-07,1.423E-08,2.208E-07
743,9.779E-01,9.067E-05,3.344E-06,9.290E-08,5.414E-08,4.347E-01,7.057E-07,5.166E-07,6.811E-07
744,9.764E-01,1.112E-04,2.983E-06,9.229E-08,4.153E-08,3.147E-01,7.071E-07,6.737E-07,4.449E-07
745,9.746E-01,1.393E-04,2.946E-06,1.774E-07,6.425E-08,2.213E-01,7.366E-07,2.632E-07,2.294E-08
746,9.726E-01,1.762E-04,2.541E-06,2.501E-07,4.989E-08,1.488E-01,7.679E-07,8.942E-08,5.441E-08
747,9.708E-01,2.301E-04,2.570E-06,2.640E-07,8.358E-08,9.892E-02,7.918E-07,2.293E-07,1.485E-07
748,9.694E-01,3.052E-04,3.131E-06,3.690E-07,8.589E-08,6.651E-02,7.378E-07,3.821E-07,8.131E-08
749,9.688E-01,4.114E-04,2.848E-06,4.264E-07,9.266E-08,4.493E-02,8.012E-07,3.494E-07,1.483E-08
750,9.678E-01,5.623E-04,2.243E-06,5.411E-07,1.273E-07,2.926E-02,8.998E-07,3.636E-07,9.721E-08
751,9.656E-01,7.696E-04,1.946E-06,5.414E-07,1.892E-07,2.030E-02,9.227E-07,6.989E-07,6.357E-08
752,9.632E-01,1.062E-03,2.095E-06,6.711E-07,1.355E-07,1.434E-02,1.030E-06,7.395E-07,1.766E-10
753,9.618E-01,1.455E-03,2.733E-06,7.902E-07,1.540E-07,1.030E-02,9.912E-07,6.361E-07,1.758E-10
754,9.617E-01,1.970E-03,2.272E-06,7.637E-07,2.490E-07,7.489E-03,1.164E-06,7.479E-07,7.576E-07
755,9.610E-01,2.655E-03,1.737E-06,7.312E-07,2.934E-07,5.491E-03,1.482E-06,5.084E-07,7.100E-07
756,9.599E-01,3.470E-03,1.777E-06,6.426E-07,1.498E-07,4.071E-03,1.514E-06,4.334E-07,2.885E-07
757,9.586E-01,4.544E-03,1.701E-06,5.378E-07,2.610E-07,3.042E-03,1.618E-06,7.271E-07,1.902E-07
758,9.576E-01,5.997E-03,1.645E-06,5.441E-07,2.975E-07,2.297E-03,1.777E-06,4.742E-07,1.063E-06
759,9.568E-01,7.896E-03,1.843E-06,5.433E-07,1.299E-07,1.734E-03,1.748E-06,2.791E-07,8.124E-07
760,9.560E-01,1.036E-02,2.438E-06,4.818E-07,1.512E-07,1.310E-03,1.878E-06,2.698E-07,7.943E-08
761,9.550E-01,1.376E-02,2.391E-06,4.759E-07,1.169E-07,1.018E-03,1.991E-06,4.266E-07,3.141E-08
762,9.542E-01,1.833E-02,1.817E-06,4.859E-07,7.239E-08,8.018E-04,2.196E-06,5.739E-07,3.359E-07
763,9.540E-01,2.778E-02,1.675E-06,3.401E-07,7.267E-08,6.209E-04,2.393E-06,4.308E-07,3.335E-07
764,9.529E-01,3.855E-02,1.434E-06,3.729E-07,1.196E-07,4.837E-04,2.462E-06,2.477E-07,2.281E-07
765,9.510E-01,5.877E-02,1.820E-06,4.646E-07,1.975E-07,3.819E-04,2.652E-06,3.850E-07,2.400E-07
766,9.490E-01,8.528E-02,2.089E-06,4.534E-07,1.324E-07,3.049E-04,2.900E-06,4.066E-07,1.136E-06
767,9.478E-01,1.337E-01,1.583E-06,5.306E-07,7.480E-08,2.451E-04,3.053E-06,6.730E-07,1.334E-06
768,9.463E-01,1.963E-01,1.232E-06,4.938E-07,1.947E-07,1.989E-04,3.138E-06,7.437E-07,5.329E-07
769,9.453E-01,2.867E-01,1.132E-06,4.229E-07,1.464E-07,1.624E-04,3.404E-06,8.722E-07,3.542E-07
770,9.444E-01,3.948E-01,1.992E-06,2.717E-07,1.184E-07,1.334E-04,3.976E-06,9.854E-07,1.118E-06
771,9.446E-01,5.075E-01,2.199E-06,2.800E-07,1.765E-07,1.108E-04,4.772E-06,1.057E-06,3.339E-06
772,9.451E-01,6.232E-01,1.287E-06,2.675E-07,1.389E-07,9.216E-05,5.100E-06,1.196E-06,1.736E-06
773,9.450E-01,7.196E-01,1.231E-06,2.066E-07,3.722E-08,7.719E-05,4.403E-06,1.647E-06,3.456E-08
774,9.448E-01,8.043E-01,1.536E-06,1.704E-07,2.488E-08,6.471E-05,5.147E-06,1.678E-06,1.655E-10
775,9.448E-01,8.696E-01,1.689E-06,1.567E-07,8.293E-08,5.457E-05,6.801E-06,1.609E-06,3.014E-06
776,9.452E-01,9.237E-01,1.582E-06,1.260E-07,1.468E-07,4.614E-05,6.799E-06,1.553E-06,1.765E-06
777,9.460E-01,9.597E-01,1.349E-06,1.523E-07,1.997E-07,3.938E-05,7.440E-06,1.949E-06,1.657E-10
778,9.467E-01,9.850E-01,1.724E-06,1.741E-07,1.414E-07,3.411E-05,8.135E-06,1.903E-06,8.997E-08
779,9.458E-01,9.966E-01,1.784E-06,1.025E-07,3.058E-07,2.923E-05,8.296E-06,1.650E-06,1.689E-07
780,9.443E-01,1.000E+00,1.381E-06,1.198E-07,4.818E-07,2.504E-05,8.543E-06,1.770E-06,3.632E-07
781,9.426E-01,9.981E-01,1.102E-06,1.678E-07,9.776E-07,2.168E-05,8.143E-06,2.227E-06,5.040E-07
782,9.409E-01,9.934E-01,1.653E-06,1.268E-07,1.446E-06,1.884E-05,8.067E-06,3.274E-06,5.823E-07
783,9.395E-01,9.894E-01,2.082E-06,6.489E-08,2.569E-06,1.641E-05,9.272E-06,4.866E-06,6.006E-07
784,9.366E-01,9.855E-01,1.393E-06,1.066E-07,3.976E-06,1.431E-05,1.101E-05,7.146E-06,5.197E-07
785,9.334E-01,9.810E-01,9.317E-07,1.478E-07,4.850E-06,1.251E-05,9.918E-06,9.669E-06,1.669E-07
786,9.303E-01,9.766E-01,1.617E-06,6.909E-08,5.247E-06,1.112E-05,1.015E-05,1.126E-05,3.913E-08
787,9.279E-01,9.719E-01,1.935E-06,6.878E-08,6.419E-06,9.783E-06,1.245E-05,1.188E-05,1.145E-07
788,9.258E-01,9.666E-01,1.532E-06,1.096E-07,5.651E-06,8.603E-06,1.581E-05,8.351E-06,4.902E-08
789,9.253E-01,9.599E-01,1.317E-06,1.526E-07,4.010E-06,7.383E-06,2.618E-05,1.140E-05,8.539E-07
790,9.244E-01,9.525E-01,1.018E-06,1.088E-07,2.944E-06,6.490E-06,3.237E-05,1.290E-05,1.573E-06
791,9.238E-01,9.451E-01,9.664E-07,8.041E-08,1.788E-06,5.928E-06,5.482E-05,1.309E-05,6.468E-07
792,9.239E-01,9.382E-01,1.037E-06,5.854E-08,1.573E-06,5.206E-06,7.636E-05,1.260E-05,3.605E-08
793,9.189E-01,9.336E-01,6.890E-07,4.635E-08,1.911E-06,4.686E-06,1.190E-04,1.146E-05,1.426E-06
794,8.826E-01,9.294E-01,4.862E-07,1.158E-07,2.547E-06,4.293E-06,1.827E-04,1.071E-05,1.528E-06
795,8.449E-01,9.241E-01,6.068E-07,1.226E-07,3.411E-06,3.834E-06,2.758E-04,1.094E-05,4.364E-07
796,8.072E-01,9.190E-01,5.102E-07,1.383E-07,4.121E-06,3.398E-06,3.478E-04,1.083E-05,1.823E-07
797,7.706E-01,9.169E-01,3.210E-07,1.239E-07,4.458E-06,3.135E-06,4.660E-04,1.223E-05,9.615E-07
798,7.235E-01,9.155E-01,2.944E-07,9.155E-08,6.857E-06,2.779E-06,5.904E-04,2.802E-05,7.882E-07
799,6.245E-01,9.136E-01,5.849E-08,4.957E-08,5.325E-06,2.525E-06,7.134E-04,2.756E-05,7.934E-07
800,5.254E-01,9.120E-01,2.499E-07,1.099E-08,5.095E-06,2.412E-06,8.269E-04,4.561E-05,4.547E-07
801,4.268E-01,9.121E-01,7.643E-07,2.335E-09,4.375E-06,2.300E-06,1.108E-03,4.952E-05,4.716E-07
802,3.280E-01,9.130E-01,5.273E-07,1.089E-09,3.609E-06,2.233E-06,1.524E-03,5.436E-05,2.527E-07
803,2.402E-01,9.136E-01,1.922E-07,4.128E-08,3.117E-06,1.857E-06,2.386E-03,5.874E-05,7.778E-07
804,2.026E-01,9.139E-01,4.905E-07,4.533E-08,3.188E-06,1.772E-06,3.751E-03,5.902E-05,5.533E-07
805,1.649E-01,9.136E-01,9.397E-07,3.766E-08,1.322E-06,1.708E-06,5.704E-03,5.219E-05,9.809E-08
806,1.270E-01,9.130E-01,6.394E-07,6.446E-08,1.329E-06,1.495E-06,7.423E-03,6.222E-05,1.123E-07
807,8.809E-02,9.118E-01,2.036E-07,6.039E-08,3.835E-06,1.516E-06,6.749E-03,5.846E-05,6.233E-07
808,5.280E-02,9.109E-01,3.181E-07,3.584E-08,3.446E-06,1.444E-06,4.383E-03,5.154E-05,5.428E-07
809,4.089E-02,9.092E-01,8.788E-07,1.171E-06,3.736E-06,1.304E-06,2.784E-03,4.172E-05,4.727E-07
810,3.383E-02,9.067E-01,1.468E-06,8.474E-06,3.619E-06,1.196E-06,1.569E-03,4.394E-05,1.428E-07
811,2.182E-02,9.030E-01,5.920E-07,1.373E-05,1.075E-06,9.930E-07,9.254E-04,4.492E-05,1.965E-07
812,1.312E-02,8.991E-01,4.823E-08,8.279E-06,1.777E-06,1.023E-06,5.893E-04,3.709E-05,1.392E-06
813,7.657E-03,8.956E-01,5.046E-08,1.317E-06,2.957E-06,9.262E-07,3.775E-04,4.011E-05,1.036E-06
814,4.082E-03,8.924E-01,5.704E-07,2.662E-08,4.469E-06,8.950E-07,2.772E-04,3.256E-05,4.988E-07
815,3.140E-03,8.892E-01,9.163E-07,3.676E-08,2.505E-06,8.242E-07,2.335E-04,3.356E-05,1.731E-07
816,2.449E-03,8.852E-01,5.534E-07,5.915E-08,1.078E-06,7.459E-07,1.875E-04,4.568E-05,2.468E-06
817,1.923E-03,8.806E-01,1.396E-07,2.199E-08,3.571E-06,6.511E-07,1.594E-04,3.715E-05,1.213E-06
818,1.516E-03,8.763E-01,5.216E-08,5.036E-09,2.847E-06,5.692E-07,1.290E-04,3.742E-05,1.060E-07
819,1.205E-03,8.730E-01,3.615E-07,2.484E-08,2.365E-06,4.277E-07,1.219E-04,3.064E-05,1.404E-10
820,9.746E-04,8.701E-01,4.776E-07,1.002E-08,2.494E-06,5.416E-07,1.275E-04,2.688E-05,6.692E-07
821,7.881E-04,8.688E-01,5.646E-07,4.654E-08,1.324E-06,6.177E-07,1.315E-04,1.637E-05,5.393E-07
822,6.384E-04,8.677E-01,1.655E-07,2.346E-08,2.331E-06,5.740E-07,9.776E-05,2.086E-05,1.218E-07
823,5.240E-04,8.667E-01,7.147E-08,2.508E-09,1.433E-06,3.810E-07,7.062E-05,2.296E-05,6.955E-07
824,4.315E-04,8.657E-01,7.851E-07,6.625E-11,2.378E-06,2.764E-07,5.373E-05,3.337E-05,6.681E-07
825,3.586E-04,8.650E-01,4.115E-07,9.978E-09,2.377E-06,3.698E-07,4.359E-05,1.697E-05,4.989E-07
826,2.976E-04,8.650E-01,1.078E-07,1.755E-08,2.461E-06,4.713E-07,3.445E-05,1.748E-05,1.052E-06
827,2.489E-04,8.667E-01,3.338E-08,4.131E-08,1.965E-06,4.309E-07,3.014E-05,1.637E-05,4.557E-07
828,2.085E-04,8.684E-01,2.745E-07,6.007E-08,1.952E-06,3.751E-07,1.927E-05,1.619E-05,5.007E-07
829,1.778E-04,8.671E-01,6.919E-07,3.771E-08,1.867E-06,3.078E-07,1.174E-05,1.872E-05,1.510E-07
830,1.514E-04,8.646E-01,3.955E-07,6.210E-08,1.277E-06,3.309E-07,9.972E-06,2.461E-05,7.710E-07
831,1.285E-04,8.619E-01,7.914E-08,4.341E-08,2.391E-06,4.069E-07,1.203E-05,2.522E-05,9.267E-07
832,1.083E-04,8.598E-01,2.949E-08,1.730E-08,4.359E-06,3.504E-07,1.037E-05,1.605E-05,1.548E-06
833,9.300E-05,8.580E-01,4.641E-07,1.399E-07,2.037E-05,4.414E-07,8.542E-06,1.784E-05,1.020E-06
834,7.930E-05,8.557E-01,4.102E-07,4.251E-08,4.096E-05,1.421E-07,6.660E-06,1.495E-05,7.437E-07
835,6.813E-05,8.526E-01,3.915E-07,1.531E-08,5.472E-05,1.290E-07,4.926E-06,2.202E-05,3.287E-06
836,5.886E-05,8.494E-01,3.127E-07,1.612E-08,6.014E-05,1.881E-07,4.865E-06,2.095E-05,4.771E-06
837,5.186E-05,8.460E-01,6.062E-07,5.277E-08,6.168E-05,2.007E-07,6.326E-06,1.948E-05,3.666E-06
838,4.547E-05,8.424E-01,9.590E-07,1.524E-07,6.152E-05,2.395E-07,5.749E-06,2.068E-05,3.270E-06
839,3.877E-05,8.384E-01,5.401E-07,7.291E-08,6.860E-05,2.706E-07,6.914E-06,1.459E-05,1.191E-05
840,3.429E-05,8.344E-01,3.435E-07,8.696E-08,7.829E-05,3.604E-07,7.593E-06,1.647E-05,1.729E-05
841,3.057E-05,8.307E-01,6.914E-07,9.512E-08,8.731E-05,2.461E-07,8.256E-06,1.437E-05,1.533E-05
842,2.629E-05,8.267E-01,8.732E-07,4.253E-08,9.603E-05,2.618E-07,8.266E-06,1.951E-05,2.447E-05
843,2.326E-05,8.209E-01,9.038E-07,3.521E-09,1.099E-04,1.899E-07,7.176E-06,1.828E-05,4.053E-05
844,2.042E-05,8.149E-01,1.921E-07,8.016E-08,1.251E-04,4.866E-08,7.154E-06,7.792E-06,6.018E-05
845,1.795E-05,8.094E-01,7.351E-11,1.672E-07,1.351E-04,8.524E-08,8.557E-06,4.444E-06,8.608E-05
846,1.633E-05,8.041E-01,2.313E-07,3.642E-08,1.430E-04,3.115E-07,8.519E-06,7.408E-06,1.260E-04
847,2.248E-05,7.972E-01,1.108E-06,1.296E-07,1.406E-04,3.425E-07,1.000E-05,8.012E-06,1.926E-04
848,3.957E-05,7.901E-01,5.449E-06,2.731E-06,1.431E-04,7.749E-06,8.224E-06,2.816E-05,4.045E-03
849,3.898E-05,7.835E-01,9.620E-06,3.418E-06,1.426E-04,1.010E-05,7.156E-06,2.830E-05,4.508E-03
850,3.884E-05,7.767E-01,7.879E-06,3.656E-06,1.513E-04,8.212E-06,6.333E-06,3.013E-05,5.004E-03
851,3.660E-05,7.692E-01,1.308E-05,3.126E-06,2.664E-04,8.219E-06,5.532E-06,3.604E-05,5.613E-03
852,3.355E-05,7.612E-01,9.916E-06,3.220E-06,3.093E-04,8.526E-06,4.536E-06,2.305E-05,6.248E-03
853,3.422E-05,7.534E-01,1.585E-05,4.651E-06,3.060E-04,1.006E-05,4.270E-06,2.723E-05,7.986E-03
854,3.285E-05,7.458E-01,5.631E-06,3.552E-06,2.936E-04,6.913E-06,3.848E-06,2.849E-05,1.000E-02
855,2.600E-05,7.397E-01,2.694E-06,2.234E-06,2.769E-04,4.363E-06,3.754E-06,2.467E-05,1.548E-02
856,3.243E-05,7.338E-01,6.074E-06,2.137E-06,2.125E-04,6.629E-06,3.815E-06,2.433E-05,2.180E-02
857,2.784E-05,7.275E-01,9.438E-06,2.369E-06,1.487E-04,7.771E-06,3.638E-06,1.302E-05,4.077E-02
858,2.673E-05,7.212E-01,1.107E-05,2.230E-06,1.507E-04,7.016E-06,3.522E-06,1.887E-05,6.271E-02
859,2.285E-05,7.154E-01,8.534E-06,4.477E-06,1.386E-04,6.587E-06,4.406E-06,2.112E-05,1.259E-01
860,2.146E-05,7.096E-01,9.519E-06,4.432E-06,1.294E-04,5.212E-06,5.876E-06,2.073E-05,1.985E-01
861,2.837E-05,7.023E-01,7.537E-06,3.501E-06,1.036E-04,6.089E-06,7.215E-06,1.939E-05,3.371E-01
862,2.817E-05,6.948E-01,1.068E-05,3.213E-06,8.157E-05,7.182E-06,1.060E-05,1.105E-05,4.904E-01
863,2.175E-05,6.882E-01,4.341E-06,2.913E-06,6.781E-05,7.494E-06,1.495E-05,9.171E-06,6.513E-01
864,1.846E-05,6.817E-01,3.037E-06,3.395E-06,5.453E-05,5.472E-06,1.972E-05,1.102E-05,8.142E-01
865,1.780E-05,6.740E-01,1.578E-06,3.093E-06,4.351E-05,5.314E-06,2.610E-05,9.827E-06,8.989E-01
866,1.864E-05,6.662E-01,1.041E-06,2.358E-06,4.127E-05,7.234E-06,2.722E-05,1.701E-05,9.677E-01
867,1.617E-05,6.599E-01,7.825E-06,2.610E-06,5.961E-05,5.103E-06,2.747E-05,1.810E-05,9.888E-01
868,1.658E-05,6.536E-01,3.702E-06,2.141E-06,5.779E-05,4.520E-06,2.093E-05,1.527E-05,1.000E+00
869,2.044E-05,6.476E-01,2.872E-06,1.687E-06,4.930E-05,5.422E-06,1.587E-05,9.808E-06,9.990E-01
870,2.078E-05,6.419E-01,3.067E-06,2.284E-06,3.796E-05,3.421E-06,9.891E-06,9.998E-06,9.960E-01
871,1.861E-05,6.370E-01,6.259E-06,1.942E-06,2.932E-05,6.699E-06,6.104E-06,1.547E-05,9.886E-01
872,1.712E-05,6.323E-01,2.597E-06,2.102E-06,2.147E-05,5.154E-06,4.275E-06,7.939E-06,9.804E-01
873,1.334E-05,6.282E-01,4.301E-06,1.953E-06,9.658E-06,4.655E-06,3.811E-06,6.986E-06,9.714E-01
874,1.359E-05,6.241E-01,4.327E-06,1.258E-06,6.886E-06,4.697E-06,3.400E-06,8.557E-06,9.621E-01
875,1.502E-05,6.203E-01,2.060E-06,2.092E-06,7.553E-06,5.510E-06,2.693E-06,1.041E-05,9.531E-01
876,1.478E-05,6.165E-01,1.567E-06,1.996E-06,9.573E-06,3.553E-06,3.055E-06,1.039E-05,9.441E-01
877,1.324E-05,6.135E-01,2.490E-06,1.933E-06,1.288E-05,4.641E-06,3.725E-06,1.271E-05,9.363E-01
878,1.229E-05,6.109E-01,1.683E-06,1.990E-06,1.094E-05,4.176E-06,4.904E-06,8.882E-06,9.289E-01
879,1.046E-05,6.084E-01,3.680E-06,2.044E-06,1.396E-05,3.630E-06,8.094E-06,8.394E-06,9.212E-01
880,1.147E-05,6.059E-01,2.355E-06,2.170E-06,1.118E-05,3.598E-06,1.190E-05,8.251E-06,9.134E-01
881,1.365E-05,6.037E-01,2.366E-06,1.919E-06,1.429E-05,3.762E-06,1.600E-05,1.032E-05,9.052E-01
882,1.354E-05,6.015E-01,3.748E-06,1.585E-06,1.143E-05,3.235E-06,1.717E-05,1.031E-05,8.968E-01
883,1.170E-05,6.009E-01,3.032E-06,1.214E-06,1.173E-05,3.726E-06,1.554E-05,8.652E-06,8.886E-01
884,1.312E-05,6.008E-01,2.257E-06,1.977E-06,9.826E-06,3.182E-06,1.002E-05,1.015E-05,8.804E-01
885,1.296E-05,6.016E-01,2.680E-06,1.300E-06,9.931E-06,3.472E-06,5.715E-06,8.738E-06,8.718E-01
886,1.143E-05,6.026E-01,1.713E-06,1.561E-06,1.026E-05,3.541E-06,2.795E-06,8.362E-06,8.631E-01
887,1.060E-05,6.024E-01,4.060E-06,1.189E-06,1.042E-05,4.238E-06,1.258E-06,9.354E-06,8.554E-01
888,8.248E-06,6.020E-01,7.494E-07,1.627E-06,1.289E-05,3.493E-06,4.802E-07,9.782E-06,8.480E-01
889,8.279E-06,5.832E-01,4.436E-06,1.661E-06,1.346E-05,2.431E-06,4.826E-07,8.850E-06,8.396E-01
890,9.306E-06,5.615E-01,2.103E-06,1.194E-06,1.411E-05,1.929E-06,1.722E-07,9.077E-06,8.303E-01
891,7.842E-06,5.025E-01,2.515E-06,1.849E-06,1.401E-05,2.344E-06,3.731E-07,5.109E-06,8.210E-01
892,8.312E-06,4.392E-01,6.066E-07,1.380E-06,1.262E-05,2.158E-06,2.539E-07,9.474E-06,8.120E-01
893,9.910E-06,3.553E-01,3.350E-06,1.748E-06,1.416E-05,2.028E-06,1.149E-07,3.834E-06,8.057E-01
894,8.391E-06,2.689E-01,3.079E-06,1.357E-06,1.294E-05,3.029E-06,1.891E-07,5.051E-06,8.004E-01
895,7.017E-06,2.017E-01,4.413E-06,9.458E-07,1.523E-05,3.509E-06,1.959E-07,4.982E-06,7.955E-01
896,7.552E-06,1.364E-01,2.946E-06,1.014E-06,1.433E-05,2.752E-06,2.717E-07,6.441E-06,7.897E-01
897,7.302E-06,9.853E-02,2.008E-06,5.107E-07,1.355E-05,2.936E-06,2.288E-07,7.725E-06,7.831E-01
898,7.464E-06,6.378E-02,1.286E-06,8.081E-07,1.119E-05,1.939E-06,1.086E-07,5.350E-06,7.771E-01
899,8.199E-06,4.637E-02,1.083E-06,9.622E-07,1.170E-05,2.314E-06,2.834E-07,6.955E-06,7.724E-01
900,7.059E-06,3.068E-02,1.106E-06,9.436E-07,9.703E-06,2.376E-06,3.721E-07,3.751E-06,7.676E-01
901,5.744E-06,2.257E-02,1.893E-06,8.121E-07,1.152E-05,2.738E-06,1.851E-07,4.432E-06,7.611E-01
902,7.230E-06,1.519E-02,1.567E-06,7.251E-07,1.079E-05,2.218E-06,1.803E-07,6.008E-06,7.537E-01
903,6.495E-06,1.147E-02,8.537E-07,4.950E-07,1.099E-05,2.900E-06,3.346E-07,7.177E-06,7.462E-01
904,5.158E-06,8.097E-03,1.839E-06,7.659E-07,1.346E-05,2.078E-06,1.775E-07,2.213E-06,7.391E-01
905,6.507E-06,6.264E-03,3.234E-07,9.192E-07,1.172E-05,1.955E-06,7.033E-08,4.033E-06,7.327E-01
906,5.939E-06,4.568E-03,2.031E-07,8.240E-07,1.269E-05,1.892E-06,9.397E-08,3.482E-06,7.268E-01
907,4.956E-06,3.697E-03,6.109E-07,8.433E-07,1.207E-05,2.326E-06,2.034E-07,2.875E-06,7.232E-01
908,5.372E-06,2.892E-03,1.427E-06,5.618E-07,1.167E-05,2.060E-06,3.812E-07,5.212E-06,7.197E-01
909,5.807E-06,2.450E-03,9.552E-07,4.453E-07,9.885E-06,1.834E-06,3.353E-07,1.265E-06,7.151E-01
910,5.363E-06,2.036E-03,7.810E-07,3.327E-07,8.138E-06,2.070E-06,2.979E-07,2.879E-06,7.104E-01
911,4.692E-06,1.776E-03,1.645E-06,9.761E-07,8.811E-06,1.686E-06,4.065E-07,1.590E-06,7.063E-01
912,3.768E-06,1.525E-03,9.290E-07,1.005E-06,6.966E-06,1.454E-06,5.570E-07,9.360E-07,7.018E-01
913,4.112E-06,1.374E-03,6.254E-07,7.792E-07,5.017E-06,1.343E-06,1.152E-06,1.196E-06,6.961E-01
914,4.727E-06,1.186E-03,8.476E-07,4.615E-07,5.619E-06,1.093E-06,1.236E-06,2.999E-06,6.904E-01
915,3.972E-06,1.020E-03,1.910E-06,4.397E-07,4.852E-06,1.491E-06,1.969E-06,3.077E-06,6.859E-01
916,4.735E-06,8.152E-04,5.670E-07,5.195E-07,4.415E-06,1.674E-06,1.966E-06,2.761E-06,6.818E-01
917,4.983E-06,7.164E-04,5.406E-07,3.087E-07,3.542E-06,1.427E-06,1.067E-06,2.313E-06,6.768E-01
918,4.156E-06,6.066E-04,6.085E-07,4.650E-07,4.111E-06,1.400E-06,1.119E-06,2.467E-06,6.714E-01
919,3.964E-06,4.934E-04,1.260E-06,2.887E-07,4.547E-06,1.520E-06,8.280E-07,2.271E-06,6.660E-01
920,3.002E-06,3.722E-04,8.074E-07,2.512E-07,3.943E-06,1.271E-06,7.231E-07,1.468E-06,6.608E-01
921,2.521E-06,3.321E-04,2.136E-06,5.511E-07,3.747E-06,1.037E-06,5.748E-07,3.075E-06,6.561E-01
922,2.929E-06,2.518E-04,4.763E-07,5.209E-07,3.488E-06,1.256E-06,3.923E-07,2.172E-06,6.516E-01
923,3.570E-06,2.022E-04,1.086E-06,4.831E-07,4.727E-06,1.179E-06,3.272E-07,8.709E-07,6.469E-01
924,3.326E-06,1.603E-04,2.477E-07,5.319E-07,4.401E-06,1.292E-06,3.859E-07,9.833E-07,6.420E-01
925,3.105E-06,1.321E-04,1.364E-06,4.345E-07,3.956E-06,1.049E-06,4.204E-07,1.894E-06,6.369E-01
926,2.993E-06,1.111E-04,2.080E-07,3.200E-07,3.805E-06,1.190E-06,3.363E-07,1.363E-06,6.315E-01
927,2.560E-06,8.997E-05,1.064E-06,4.121E-07,3.672E-06,1.272E-06,3.751E-07,1.832E-06,6.259E-01
928,2.785E-06,7.142E-05,6.240E-07,3.574E-07,4.567E-06,7.165E-07,5.222E-07,1.638E-06,6.202E-01
929,2.855E-06,5.913E-05,1.109E-06,3.388E-07,3.862E-06,1.063E-06,8.021E-07,1.461E-06,6.141E-01
930,2.586E-06,4.345E-05,8.691E-07,3.016E-07,4.040E-06,8.294E-07,1.069E-06,7.829E-07,6.081E-01
931,2.538E-06,4.011E-05,3.740E-07,2.041E-07,3.025E-06,7.509E-07,3.708E-06,1.561E-06,6.020E-01
932,2.185E-06,3.411E-05,4.113E-07,1.563E-07,2.561E-06,7.545E-07,1.210E-05,1.262E-06,5.961E-01
933,2.047E-06,3.243E-05,1.587E-06,1.852E-07,2.838E-06,6.561E-07,2.083E-05,7.623E-07,5.913E-01
934,2.319E-06,2.571E-05,6.492E-07,1.771E-07,2.100E-06,9.993E-07,1.005E-05,1.704E-06,5.861E-01
935,2.706E-06,2.282E-05,3.296E-07,3.985E-07,2.053E-06,6.052E-07,3.934E-06,1.724E-06,5.796E-01
936,2.587E-06,1.938E-05,1.663E-07,3.298E-07,1.965E-06,4.141E-07,1.125E-06,1.066E-06,5.730E-01
937,2.431E-06,1.925E-05,1.675E-07,3.137E-07,2.035E-06,5.564E-07,5.462E-07,1.960E-06,5.672E-01
938,2.655E-06,1.619E-05,1.584E-07,2.491E-07,2.821E-06,7.766E-07,1.467E-07,1.523E-06,5.617E-01
939,2.394E-06,1.523E-05,2.105E-07,2.357E-07,2.583E-06,7.256E-07,3.189E-07,1.782E-06,5.553E-01
940,2.235E-06,1.467E-05,2.332E-07,2.003E-07,1.869E-06,7.446E-07,3.971E-07,2.031E-06,5.488E-01
941,2.425E-06,1.324E-05,2.393E-07,4.228E-07,1.794E-06,5.674E-07,4.025E-08,1.400E-06,5.429E-01
942,2.243E-06,1.037E-05,8.485E-08,4.095E-07,1.973E-06,8.072E-07,8.099E-08,4.560E-07,5.368E-01
943,1.850E-06,1.042E-05,4.531E-07,3.573E-07,1.752E-06,6.781E-07,7.237E-08,1.408E-06,5.315E-01
944,2.010E-06,1.003E-05,2.053E-07,3.012E-07,1.407E-06,7.463E-07,3.521E-07,1.188E-06,5.264E-01
945,1.640E-06,1.003E-05,2.252E-07,4.039E-07,1.871E-06,4.881E-07,3.919E-08,1.014E-06,5.201E-01
946,1.700E-06,8.802E-06,4.079E-07,3.032E-07,1.684E-06,6.637E-07,2.761E-07,6.084E-07,5.138E-01
947,2.203E-06,8.611E-06,5.614E-07,3.697E-07,2.150E-06,5.945E-07,2.123E-07,6.274E-07,5.072E-01
948,1.824E-06,7.822E-06,6.337E-07,3.545E-07,1.968E-06,5.012E-07,3.478E-07,9.198E-07,5.003E-01
949,1.661E-06,8.593E-06,2.368E-07,4.602E-07,2.009E-06,6.700E-07,5.188E-08,1.363E-06,4.931E-01
950,1.772E-06,7.684E-06,1.181E-07,3.759E-07,1.733E-06,7.236E-07,3.624E-08,1.783E-06,4.861E-01
951,1.888E-06,8.037E-06,3.227E-07,3.771E-07,1.551E-06,6.080E-07,1.317E-07,1.259E-06,4.795E-01
952,2.137E-06,6.946E-06,1.773E-07,3.200E-07,2.124E-06,7.840E-07,1.151E-07,1.418E-06,4.730E-01
953,2.169E-06,7.523E-06,2.387E-07,3.422E-07,1.192E-06,6.527E-07,7.888E-08,8.040E-07,4.674E-01
954,1.802E-06,6.024E-06,4.726E-08,2.097E-07,1.248E-06,5.559E-07,1.625E-07,3.552E-07,4.615E-01
955,1.564E-06,7.209E-06,1.339E-07,3.120E-07,2.205E-06,5.245E-07,1.308E-07,8.973E-07,4.547E-01
956,1.717E-06,6.880E-06,3.474E-07,2.698E-07,1.540E-06,5.148E-07,1.284E-07,1.058E-06,4.479E-01
957,1.310E-06,6.849E-06,1.655E-07,3.067E-07,1.141E-06,5.566E-07,1.422E-07,8.650E-07,4.415E-01
958,1.459E-06,6.145E-06,5.684E-08,3.610E-07,7.352E-07,4.172E-07,2.535E-07,8.444E-07,4.349E-01
959,1.669E-06,6.047E-06,2.973E-07,3.685E-07,7.342E-07,3.957E-07,1.385E-07,5.257E-07,4.292E-01
960,1.359E-06,5.901E-06,3.644E-07,3.917E-07,1.022E-06,3.185E-07,2.531E-07,1.626E-06,4.237E-01
961,1.345E-06,5.915E-06,1.220E-07,3.703E-07,8.276E-07,3.990E-07,3.865E-07,8.539E-07,4.176E-01
962,1.077E-06,4.865E-06,2.141E-07,1.994E-07,8.893E-07,3.892E-07,7.872E-07,4.303E-07,4.114E-01
963,9.728E-07,5.373E-06,5.064E-08,2.355E-07,1.007E-06,3.292E-07,2.110E-06,6.578E-07,4.052E-01
964,7.855E-07,5.226E-06,5.506E-08,2.705E-07,6.973E-07,2.799E-07,3.367E-06,9.713E-07,3.989E-01
965,1.215E-06,5.114E-06,1.241E-07,2.316E-07,4.114E-07,3.759E-07,3.216E-06,7.387E-07,3.919E-01
966,1.244E-06,4.420E-06,2.347E-07,1.875E-07,2.649E-07,3.750E-07,1.685E-06,7.612E-07,3.852E-01
967,1.178E-06,4.466E-06,1.201E-07,2.326E-07,5.827E-07,3.015E-07,1.105E-06,4.867E-07,3.794E-01
968,1.179E-06,4.321E-06,1.762E-07,2.285E-07,7.537E-07,4.234E-07,6.346E-07,2.646E-07,3.736E-01
969,8.320E-07,4.343E-06,2.138E-07,1.953E-07,5.689E-07,4.057E-07,4.277E-07,4.613E-07,3.681E-01
970,8.602E-07,4.186E-06,3.920E-07,1.873E-07,6.753E-07,3.777E-07,5.521E-07,6.438E-07,3.625E-01
971,1.013E-06,4.648E-06,1.431E-07,2.339E-07,5.165E-07,3.455E-07,5.010E-07,7.670E-07,3.557E-01
972,9.559E-07,4.566E-06,4.843E-08,3.089E-07,4.111E-07,4.033E-07,5.393E-07,8.992E-07,3.489E-01
973,7.713E-07,4.456E-06,2.252E-07,2.916E-07,2.667E-07,3.311E-07,8.293E-07,5.938E-07,3.432E-01
974,1.082E-06,3.755E-06,2.425E-07,2.492E-07,3.658E-07,4.416E-07,6.551E-06,4.675E-07,3.374E-01
975,1.028E-06,4.461E-06,8.072E-08,2.384E-07,3.784E-07,3.386E-07,8.213E-05,6.197E-07,3.310E-01
976,1.257E-06,4.349E-06,1.545E-07,2.392E-07,3.880E-07,3.429E-07,3.144E-04,4.463E-07,3.246E-01
977,1.209E-06,4.418E-06,2.290E-07,2.047E-07,4.700E-07,4.008E-07,2.105E-04,2.236E-07,3.192E-01
978,1.005E-06,4.683E-06,1.368E-07,6.717E-08,6.269E-07,1.642E-07,1.696E-05,5.223E-07,3.137E-01
979,8.773E-07,4.531E-06,1.590E-07,9.790E-08,3.229E-07,2.618E-07,7.010E-07,5.867E-07,3.087E-01
980,1.016E-06,4.459E-06,5.991E-08,2.005E-07,2.805E-07,3.839E-07,2.266E-07,5.711E-07,3.038E-01
981,1.040E-06,4.545E-06,6.462E-08,1.820E-07,3.524E-07,3.991E-07,1.809E-07,5.599E-07,2.989E-01
982,9.068E-07,4.173E-06,1.623E-07,1.818E-07,5.161E-07,3.263E-07,3.599E-08,5.696E-07,2.940E-01
983,8.273E-07,4.143E-06,4.395E-08,2.138E-07,2.506E-07,3.093E-07,3.426E-08,7.839E-07,2.890E-01
984,9.432E-07,2.253E-06,9.127E-08,2.386E-07,4.071E-07,2.360E-07,8.722E-08,2.059E-07,2.841E-01
985,9.182E-07,2.230E-06,3.979E-08,1.951E-07,2.235E-07,2.603E-07,7.431E-08,4.129E-07,2.796E-01
986,8.917E-07,2.502E-06,9.918E-08,2.478E-07,2.810E-07,3.025E-07,1.070E-07,5.169E-07,2.752E-01
987,1.021E-06,2.538E-06,2.194E-07,2.554E-07,4.620E-07,3.104E-07,8.777E-08,6.127E-07,2.717E-01
988,7.769E-07,3.979E-06,1.089E-07,2.045E-07,4.681E-07,3.574E-07,7.171E-08,6.541E-07,2.680E-01
989,8.932E-07,4.096E-06,3.555E-08,2.401E-07,3.184E-07,2.683E-07,6.178E-08,7.523E-07,2.637E-01
990,7.194E-07,4.428E-06,1.153E-07,1.921E-07,5.212E-07,2.634E-07,1.358E-07,5.710E-07,2.593E-01
991,6.937E-07,4.413E-06,2.098E-07,2.441E-07,5.366E-07,2.931E-07,7.628E-08,6.014E-07,2.550E-01
992,6.125E-07,3.625E-06,1.916E-07,2.376E-07,2.625E-07,1.296E-07,8.583E-08,5.021E-07,2.507E-01
993,7.101E-07,3.565E-06,1.623E-07,2.612E-07,3.419E-07,1.607E-07,7.328E-08,6.827E-07,2.462E-01
994,7.240E-07,3.669E-06,5.875E-08,1.920E-07,2.460E-07,1.502E-07,2.370E-08,4.051E-07,2.418E-01
995,5.716E-07,3.596E-06,1.261E-07,1.621E-07,3.377E-07,3.028E-07,2.777E-08,5.258E-07,2.376E-01
996,6.080E-07,2.883E-06,2.822E-08,1.556E-07,3.076E-07,2.938E-07,3.208E-08,6.557E-07,2.333E-01
997,7.153E-07,2.993E-06,1.379E-07,1.593E-07,3.332E-07,2.942E-07,3.017E-08,7.243E-07,2.290E-01
998,6.503E-07,3.312E-06,2.225E-08,1.628E-07,2.869E-07,2.512E-07,7.669E-09,7.048E-07,2.248E-01
999,6.958E-07,3.249E-06,1.596E-07,1.093E-07,2.382E-07,2.637E-07,4.830E-08,4.328E-07,2.216E-01
1000,5.958E-07,3.508E-06,1.770E-07,1.935E-07,2.254E-07,1.857E-07,4.681E-08,3.433E-07,2.182E-01
1001,6.428E-07,3.483E-06,9.147E-08,2.189E-07,2.550E-07,2.091E-07,6.459E-08,2.184E-07,2.136E-01
1002,4.993E-07,3.314E-06,1.899E-07,1.553E-07,3.891E-07,2.978E-07,6.546E-08,2.540E-07,2.090E-01
1003,4.999E-07,3.446E-06,1.111E-07,1.756E-07,3.280E-07,2.160E-07,5.600E-08,1.635E-07,2.054E-01
1004,6.290E-07,3.395E-06,5.363E-08,2.067E-07,2.111E-07,1.801E-07,2.256E-08,3.833E-07,2.018E-01
1005,6.244E-07,3.401E-06,4.559E-08,1.610E-07,2.978E-07,2.715E-07,4.887E-08,4.542E-07,1.981E-01
1006,5.673E-07,2.499E-06,1.230E-07,1.630E-07,2.329E-07,2.167E-07,2.747E-08,3.862E-07,1.946E-01
1007,5.295E-07,2.579E-06,1.046E-07,2.253E-07,3.030E-07,1.811E-07,6.897E-08,3.112E-07,1.919E-01
1008,6.377E-07,2.857E-06,1.592E-07,9.020E-08,1.875E-07,2.018E-07,3.868E-08,4.605E-07,1.890E-01
1009,5.166E-07,2.807E-06,9.497E-08,9.238E-08,1.373E-07,1.928E-07,4.943E-08,3.935E-07,1.849E-01
1010,4.028E-07,2.765E-06,6.927E-08,5.211E-08,1.200E-07,2.116E-07,3.947E-08,3.344E-07,1.809E-01
1011,4.758E-07,2.714E-06,1.012E-07,5.637E-08,1.113E-07,1.672E-07,4.832E-08,3.036E-07,1.779E-01
1012,5.345E-07,1.839E-06,1.795E-08,6.576E-08,1.597E-07,1.610E-07,3.839E-08,2.114E-07,1.748E-01
1013,5.129E-07,1.864E-06,8.538E-08,6.951E-08,1.917E-07,1.992E-07,4.344E-08,3.270E-07,1.714E-01
1014,5.316E-07,1.878E-06,1.195E-07,1.266E-07,2.214E-07,1.370E-07,2.997E-08,3.339E-07,1.679E-01
1015,5.049E-07,1.753E-06,1.501E-07,1.347E-07,1.967E-07,1.408E-07,3.721E-08,3.418E-07,1.637E-01
1016,4.316E-07,1.737E-06,1.009E-07,1.960E-07,1.758E-07,1.667E-07,3.040E-08,4.033E-07,1.596E-01
1017,4.510E-07,1.719E-06,2.412E-08,2.074E-07,2.188E-07,1.282E-07,5.470E-08,2.987E-07,1.561E-01
1018,5.896E-07,2.201E-06,1.059E-07,1.686E-07,1.983E-07,1.499E-07,5.409E-08,4.074E-07,1.528E-01
1019,4.790E-07,2.145E-06,4.407E-08,1.629E-07,1.557E-07,1.414E-07,3.994E-08,4.830E-07,1.507E-01
1020,4.695E-07,2.622E-06,3.846E-08,2.309E-07,1.546E-07,1.470E-07,5.801E-08,3.110E-07,1.483E-01
1021,5.801E-07,2.555E-06,3.474E-08,2.213E-07,1.755E-07,1.187E-07,4.832E-08,3.133E-07,1.448E-01
1022,4.599E-07,2.293E-06,8.722E-08,2.504E-07,1.516E-07,2.061E-07,5.828E-08,3.251E-07,1.415E-01
1023,3.367E-07,2.289E-06,1.407E-08,2.015E-07,1.845E-07,1.682E-07,3.124E-08,2.963E-07,1.393E-01
1024,4.873E-07,2.017E-06,3.826E-08,1.729E-07,1.241E-07,1.619E-07,4.641E-08,3.535E-07,1.370E-01
1025,4.582E-07,1.932E-06,1.220E-07,1.376E-07,1.370E-07,1.212E-07,6.223E-08,3.568E-07,1.340E-01
1026,5.222E-07,1.090E-06,8.952E-08,1.551E-07,1.659E-07,1.870E-07,4.992E-08,3.609E-07,1.311E-01
1027,5.067E-07,1.617E-06,2.420E-08,2.045E-07,1.397E-07,1.227E-07,2.887E-08,2.629E-07,1.289E-01
1028,4.393E-07,1.642E-06,2.197E-08,2.207E-07,1.808E-07,1.844E-07,3.611E-08,3.356E-07,1.265E-01
1029,4.296E-07,1.621E-06,2.673E-08,1.998E-07,1.283E-07,1.839E-07,4.292E-08,3.335E-07,1.236E-01
1030,5.108E-07,1.565E-06,6.525E-08,2.167E-07,1.312E-07,1.706E-07,2.222E-08,2.464E-07,1.208E-01
1031,4.341E-07,1.537E-06,6.983E-08,2.003E-07,9.986E-08,1.564E-07,4.242E-08,2.438E-07,1.183E-01
1032,5.486E-07,1.417E-06,3.339E-08,1.765E-07,1.244E-07,1.540E-07,5.649E-08,3.001E-07,1.154E-01
1033,4.506E-07,1.397E-06,1.028E-07,1.626E-07,7.364E-08,1.500E-07,4.707E-08,2.522E-07,1.104E-01
1034,5.188E-07,1.242E-06,9.889E-08,1.275E-07,1.008E-07,9.643E-08,1.550E-08,1.391E-07,1.050E-01
1035,4.752E-07,1.185E-06,7.588E-08,1.397E-07,9.223E-08,1.308E-07,1.662E-08,1.561E-07,9.801E-02
1036,5.418E-07,6.744E-07,4.715E-08,1.275E-07,1.032E-07,1.368E-07,2.857E-08,2.952E-07,8.992E-02
1037,6.475E-07,6.510E-07,5.591E-08,1.699E-07,6.446E-08,1.340E-07,3.435E-08,2.084E-07,7.780E-02
1038,4.852E-07,7.469E-07,8.418E-09,1.593E-07,7.008E-08,7.846E-08,4.886E-08,1.600E-07,6.558E-02
1039,4.701E-07,7.227E-07,2.386E-08,1.599E-07,7.453E-08,7.233E-08,3.446E-08,1.547E-07,5.306E-02
1040,4.617E-07,4.673E-07,5.891E-08,1.384E-07,1.130E-07,1.016E-07,3.863E-08,8.292E-08,4.108E-02
1041,4.693E-07,4.610E-07,4.204E-08,1.074E-07,1.085E-07,1.218E-07,3.686E-08,1.027E-07,3.104E-02
1042,4.194E-07,8.587E-07,1.112E-08,1.232E-07,7.138E-08,1.108E-07,4.617E-08,1.858E-07,2.204E-02
1043,4.816E-07,8.221E-07,1.668E-08,9.929E-08,8.516E-08,7.562E-08,1.975E-08,1.312E-07,1.620E-02
1044,4.838E-07,7.886E-07,1.442E-08,9.790E-08,8.321E-08,9.316E-08,3.413E-08,1.659E-07,1.103E-02
1045,4.727E-07,7.800E-07,1.104E-09,1.074E-07,7.225E-08,1.029E-07,4.723E-08,1.683E-07,8.047E-03
1046,4.327E-07,1.132E-06,1.270E-08,1.124E-07,6.463E-08,9.308E-08,2.286E-08,1.825E-07,5.444E-03
1047,5.351E-07,1.095E-06,3.572E-08,1.190E-07,5.146E-08,9.692E-08,1.534E-08,1.532E-07,4.068E-03
1048,4.769E-07,1.099E-06,3.135E-08,1.396E-07,5.018E-08,7.953E-08,1.796E-08,1.254E-07,2.876E-03
1049,4.944E-07,1.075E-06,1.657E-08,1.223E-07,3.840E-08,8.354E-08,3.250E-08,1.141E-07,2.267E-03
1050,4.454E-07,6.706E-07,5.081E-08,1.101E-07,3.917E-08,5.390E-08,2.634E-08,7.718E-08,1.705E-03
1051,4.462E-07,6.353E-07,4.306E-08,9.560E-08,6.019E-08,6.306E-08,3.048E-08,1.144E-07,1.275E-03
1052,4.284E-07,8.019E-07,4.639E-08,9.301E-08,5.853E-08,8.209E-08,3.498E-08,1.041E-07,9.122E-04
1053,4.934E-07,7.776E-07,3.914E-08,9.956E-08,4.819E-08,7.799E-08,4.616E-08,1.252E-07,7.312E-04
1054,4.283E-07,7.126E-07,2.056E-08,7.079E-08,4.802E-08,4.704E-08,3.260E-08,1.259E-07,5.721E-04
1055,4.642E-07,6.988E-07,6.294E-09,7.540E-08,5.028E-08,5.406E-08,2.062E-08,1.177E-07,4.931E-04
1056,5.191E-07,6.788E-07,1.316E-08,7.858E-08,4.550E-08,5.145E-08,2.453E-08,1.299E-07,4.102E-04
1057,4.285E-07,6.601E-07,2.198E-08,7.151E-08,5.337E-08,5.372E-08,1.037E-08,1.625E-07,3.545E-04
1058,5.031E-07,6.080E-07,2.010E-08,6.697E-08,4.503E-08,7.419E-08,1.900E-08,1.278E-07,2.985E-04
1059,4.979E-07,5.854E-07,1.054E-08,7.039E-08,5.519E-08,5.090E-08,1.643E-08,1.226E-07,2.276E-04
1060,5.495E-07,6.174E-07,1.477E-08,8.624E-08,4.703E-08,4.497E-08,1.685E-08,7.101E-08,1.701E-04
1061,5.773E-07,6.044E-07,3.053E-08,8.159E-08,3.671E-08,4.961E-08,1.639E-08,1.065E-07,1.288E-04
1062,5.292E-07,4.378E-07,2.316E-08,8.434E-08,3.612E-08,5.544E-08,1.429E-08,8.600E-08,8.043E-05
1063,5.882E-07,4.281E-07,2.435E-08,7.828E-08,5.212E-08,3.994E-08,1.760E-08,1.048E-07,8.436E-05
1064,6.212E-07,2.908E-07,2.333E-08,6.526E-08,5.366E-08,4.198E-08,1.166E-08,1.102E-07,6.958E-05
1065,6.066E-07,2.851E-07,1.832E-08,8.145E-08,4.360E-08,6.073E-08,2.066E-08,1.114E-07,5.500E-05
1066,6.181E-07,5.130E-07,1.090E-08,6.715E-08,6.014E-08,5.911E-08,2.179E-08,1.352E-07,3.785E-05
1067,6.661E-07,5.012E-07,1.056E-08,6.666E-08,5.373E-08,5.290E-08,1.251E-08,1.261E-07,3.048E-05
1068,6.189E-07,5.930E-07,1.440E-08,6.263E-08,4.674E-08,5.467E-08,1.630E-08,1.212E-07,2.706E-05
1069,6.750E-07,5.792E-07,1.805E-08,6.158E-08,4.211E-08,4.598E-08,1.390E-08,1.396E-07,2.188E-05
1070,6.596E-07,4.586E-07,1.434E-08,5.878E-08,4.706E-08,3.800E-08,1.597E-08,1.354E-07,1.884E-05
1071,7.261E-07,4.403E-07,1.514E-08,6.240E-08,5.226E-08,2.973E-08,1.928E-08,1.226E-07,1.537E-05
1072,6.754E-07,4.099E-07,3.397E-09,6.642E-08,5.070E-08,3.181E-08,1.166E-08,1.691E-07,1.358E-05
1073,7.541E-07,3.997E-07,3.337E-09,6.524E-08,4.329E-08,3.907E-08,1.179E-08,1.961E-07,1.112E-05
1074,8.254E-07,3.212E-07,1.084E-08,5.910E-08,4.517E-08,3.453E-08,5.557E-09,1.372E-07,8.123E-06
1075,8.139E-07,3.141E-07,5.860E-09,5.116E-08,5.255E-08,3.739E-08,6.057E-09,1.658E-07,6.652E-06
1076,8.312E-07,2.164E-07,1.711E-08,3.839E-08,5.870E-08,3.255E-08,6.698E-09,2.182E-07,6.160E-06
1077,9.067E-07,2.072E-07,2.013E-08,4.613E-08,5.804E-08,2.659E-08,8.798E-09,2.140E-07,5.151E-06
1078,9.146E-07,2.090E-07,1.601E-08,4.999E-08,4.528E-08,2.823E-08,1.538E-08,2.336E-07,3.939E-06
1079,1.028E-06,2.325E-07,4.440E-09,4.245E-08,4.428E-08,2.988E-08,1.274E-08,2.524E-07,3.307E-06
1080,1.030E-06,3.265E-07,8.988E-09,4.972E-08,4.794E-08,3.077E-08,1.028E-08,3.275E-07,2.482E-06
1081,1.134E-06,2.977E-07,1.493E-08,4.622E-08,4.422E-08,3.917E-08,9.375E-09,3.296E-07,2.175E-06
1082,1.149E-06,3.627E-07,1.040E-08,5.056E-08,4.747E-08,3.916E-08,8.385E-09,4.334E-07,1.655E-06
1083,1.228E-06,3.590E-07,1.101E-08,4.169E-08,4.733E-08,3.457E-08,6.376E-09,4.569E-07,1.385E-06
1084,1.314E-06,1.850E-07,8.206E-09,4.541E-08,6.146E-08,3.036E-08,1.303E-08,2.317E-07,1.335E-06
1085,1.431E-06,1.610E-07,9.321E-09,5.921E-08,7.053E-08,2.487E-08,1.685E-08,2.509E-07,1.167E-06
1086,1.515E-06,2.135E-07,1.019E-08,5.488E-08,5.324E-08,3.535E-08,1.501E-08,1.281E-07,1.285E-06
1087,1.616E-06,2.099E-07,6.760E-09,5.869E-08,5.366E-08,3.352E-08,1.336E-08,1.236E-07,1.099E-06
1088,1.794E-06,2.083E-07,8.784E-09,5.299E-08,3.243E-08,2.254E-08,1.039E-08,3.875E-07,9.639E-07
1089,1.845E-06,2.019E-07,4.497E-09,4.730E-08,2.826E-08,3.375E-08,1.004E-08,4.123E-07,8.331E-07
1090,2.037E-06,1.974E-07,6.093E-09,5.344E-08,1.949E-08,3.662E-08,1.127E-08,3.581E-07,6.544E-07
1091,2.239E-06,1.969E-07,7.363E-09,6.248E-08,2.300E-08,3.684E-08,1.110E-08,3.893E-07,5.855E-07
1092,2.394E-06,1.939E-07,9.340E-09,5.789E-08,2.127E-08,3.782E-08,1.051E-08,5.895E-07,4.499E-07
1093,2.584E-06,1.850E-07,6.524E-09,5.528E-08,2.194E-08,3.307E-08,8.247E-09,6.537E-07,3.711E-07
1094,2.897E-06,1.562E-07,3.037E-09,7.298E-08,3.644E-08,2.209E-08,6.170E-09,7.021E-07,3.933E-07
1095,3.147E-06,1.585E-07,5.259E-09,8.371E-08,3.509E-08,1.994E-08,8.595E-09,7.300E-07,3.966E-07
1096,3.506E-06,3.372E-07,1.186E-08,8.331E-08,4.287E-08,2.205E-08,1.094E-08,7.287E-07,3.573E-07
1097,3.911E-06,3.405E-07,1.152E-08,9.040E-08,5.669E-08,2.056E-08,1.064E-08,7.955E-07,3.376E-07
1098,3.914E-06,2.963E-07,7.230E-09,9.081E-08,2.983E-08,1.568E-08,7.827E-09,4.800E-07,3.014E-07
1099,3.918E-06,2.966E-07,7.237E-09,9.090E-08,2.986E-08,1.569E-08,7.835E-09,4.805E-07,3.017E-07
1100,3.922E-06,2.969E-07,7.245E-09,9.099E-08,2.989E-08,1.571E-08,7.843E-09,4.810E-07,3.020E-07
